-23.199969 -19.999926      167
-23.199947 -19.200059      167
-23.199911 -18.400069      167
-23.199902 -17.600094      167
-23.199959 -16.799951      167
-23.199969 -15.999962      167
-23.200086 -15.200021      167
-22.399995 -19.999929      167
-22.400069 -19.200003      167
-22.400087 -18.400054      167
-22.399905 -17.599937      167
-22.399942 -16.799982      167
-22.400075 -15.999922      167
-22.399940 -15.200072      167
-22.400002 -14.400084      167
-22.399944 -13.600027      167
-22.399982 -12.799979      159
-22.399930 -12.000059      159
-22.399925 -11.200055      161
-22.399974 -10.399932      161
-22.400045  -9.600055      161
-22.400099  -8.799925      161
-22.400037  -8.000030      161
-22.399914  -7.199925      161
-22.399920  -6.400042      161
-21.599960 -19.999955      167
-21.599935 -19.200007      167
-21.599909 -18.400013      167
-21.599931 -17.599953      167
-21.600054 -16.799977      167
-21.599943 -16.000049      167
-21.599942 -15.199985      167
-21.599906 -14.400097      167
-21.600065 -13.599962      159
-21.599994 -12.800075      159
-21.600001 -12.000060      159
-21.599931 -11.200004      161
-21.599989 -10.400020      161
-21.600029  -9.599932      161
-21.599920  -8.799995      161
-21.599957  -8.000027      161
-21.600003  -7.199983      161
-21.600081  -6.399903      161
-21.600000  -5.600099      161
-21.599970  -4.799967      168
-21.599912  -4.000087      168
-21.599935  -3.200035      168
-21.599966  -2.399944      168
-21.600063  -1.600056      168
-21.600082  -0.799989      168
-21.599926  -0.000067      168
-21.599961   0.800056      184
-21.600041   1.599927      184
-21.599917   2.400065      184
-20.800022 -19.999960      167
-20.800013 -19.200032      167
-20.799940 -18.400049      167
-20.799934 -17.599922      167
-20.800050 -16.800025      167
-20.800013 -16.000052      167
-20.800070 -15.199961      167
-20.799919 -14.400016      167
-20.799958 -13.599974      159
-20.799903 -12.800079      159
-20.799929 -12.000074      159
-20.799941 -11.199933      159
-20.800015 -10.399944      161
-20.799917  -9.599902      161
-20.800077  -8.799935      161
-20.800088  -8.000057      161
-20.799963  -7.200056      161
-20.800032  -6.399928      161
-20.799919  -5.600097      161
-20.800097  -4.799900      168
-20.799983  -4.000090      168
-20.799962  -3.200034      168
-20.800047  -2.399914      168
-20.800024  -1.599961      168
-20.799949  -0.799957      168
-20.800085  -0.000018      168
-20.799958   0.799928      184
-20.799910   1.600014      184
-20.799937   2.400079      184
-20.800049   3.200016      184
-20.800028   3.999953      184
-20.800029   4.799950      184
-20.799921   5.599932      266
-20.799998   6.400017      266
-20.800085   7.200094      266
-20.800056   7.999919      266
-20.799921   8.800022      266
-20.799950   9.599991      266
-20.799999  10.399946      336
-20.799932  11.200019      336
-20.000072 -20.000045      167
-19.999944 -19.200004      167
-20.000002 -18.399998      167
-19.999993 -17.600013      167
-19.999980 -16.800096      167
-20.000058 -15.999955      167
-19.999989 -15.199918      167
-19.999921 -14.400090      159
-19.999994 -13.599904      159
-20.000053 -12.799987      159
-19.999962 -12.000097      159
-20.000096 -11.200023      159
-20.000022 -10.400072      161
-19.999943  -9.600076      161
-19.999982  -8.799918      161
-20.000081  -7.999919      161
-19.999931  -7.199970      161
-19.999943  -6.400084      161
-20.000045  -5.600061      161
-19.999943  -4.799927      168
-19.999981  -3.999986      168
-19.999916  -3.199916      168
-20.000030  -2.400007      168
-19.999925  -1.600010      168
-19.999920  -0.799975      168
-20.000094  -0.000000      168
-19.999901   0.800067      184
-19.999971   1.599908      184
-19.999951   2.399902      184
-20.000023   3.200021      184
-20.000062   4.000052      184
-19.999946   4.800003      184
-19.999919   5.599980      266
-19.999999   6.399978      266
-19.999908   7.200011      266
-20.000069   7.999901      266
-20.000055   8.799903      266
-19.999972   9.600017      266
-20.000056  10.399986      336
-19.999924  11.199945      336
-19.999920  12.000045      336
-20.000067  12.800059      336
-20.000040  13.600053      336
-19.999997  14.399967      336
-20.000012  15.200025      354
-19.999919  16.000026      354
-19.999951  16.800030      354
-20.000035  17.600032      354
-20.000025  18.399936      354
-20.000055  19.199941      354
-19.199990 -19.999936      167
-19.200080 -19.200047      167
-19.200041 -18.400014      167
-19.200059 -17.599935      167
-19.200092 -16.800058      167
-19.199908 -16.000067      167
-19.199959 -15.200083      167
-19.200092 -14.399932      159
-19.200022 -13.599973      159
-19.200065 -12.800003      159
-19.200034 -11.999941      159
-19.200077 -11.199952      159
-19.200022 -10.400035      161
-19.200040  -9.599963      161
-19.199994  -8.799980      161
-19.200050  -7.999942      161
-19.200051  -7.200037      161
-19.200011  -6.400024      161
-19.199981  -5.600096      161
-19.199908  -4.799908      168
-19.199906  -4.000078      168
-19.199924  -3.199964      168
-19.199975  -2.400005      168
-19.200046  -1.600020      168
-19.199972  -0.799924      168
-19.200033  -0.000045      168
-19.199923   0.799978      184
-19.200087   1.600001      184
-19.199995   2.400036      184
-19.200052   3.199964      184
-19.199907   4.000024      184
-19.200024   4.799936      184
-19.199957   5.599923      266
-19.199945   6.400048      266
-19.200018   7.199920      266
-19.200069   7.999992      266
-19.200033   8.799987      266
-19.200004   9.599928      266
-19.199961  10.400057      336
-19.199983  11.199963      336
-19.199965  12.000026      336
-19.199961  12.800091      336
-19.199913  13.600073      336
-19.200036  14.400096      336
-19.200025  15.199960      354
-19.200055  15.999965      354
-19.199954  16.799938      354
-19.200052  17.600036      354
-19.199971  18.400031      354
-19.200015  19.199989      354
-19.200009  19.999962      354
-19.199930  20.800087      354
-18.400021 -20.000051      167
-18.400032 -19.200053      167
-18.399903 -18.399909      167
-18.400077 -17.600094      167
-18.399975 -16.800088      167
-18.399904 -15.999961      167
-18.400084 -15.200055      159
-18.400011 -14.399991      159
-18.399946 -13.600062      159
-18.399975 -12.800099      159
-18.399938 -11.999907      159
-18.400009 -11.200038      159
-18.400017 -10.399953      159
-18.400004  -9.600093      161
-18.399969  -8.800043      161
-18.399904  -7.999940      161
-18.400035  -7.199926      161
-18.399968  -6.399993      161
-18.400052  -5.600021      160
-18.399969  -4.800031      160
-18.399997  -3.999915      160
-18.400022  -3.199972      168
-18.400083  -2.400055      168
-18.399978  -1.600078      168
-18.400032  -0.799992      166
-18.399912  -0.000070      166
-18.399994   0.800006      184
-18.400013   1.600078      184
-18.400045   2.399901      184
-18.400097   3.200093      184
-18.400100   3.999940      184
-18.399912   4.800012      184
-18.400045   5.600087      266
-18.400033   6.399983      266
-18.399962   7.200095      266
-18.399961   7.999963      266
-18.399999   8.800070      266
-18.400030   9.600042      266
-18.399903  10.399977      336
-18.400051  11.200099      336
-18.400017  12.000017      336
-18.400013  12.800094      336
-18.399918  13.599988      336
-18.400044  14.400001      336
-18.400078  15.199956      354
-18.399933  15.999907      354
-18.399970  16.800027      354
-18.400064  17.600010      354
-18.400081  18.400062      354
-18.399913  19.199981      354
-18.400044  20.000041      354
-18.400018  20.800032      354
-17.599927 -19.999943      167
-17.599921 -19.199905      167
-17.600000 -18.400085      167
-17.599930 -17.600099      167
-17.599922 -16.800011      167
-17.600087 -16.000081      167
-17.599970 -15.200052      159
-17.600040 -14.399932      159
-17.599988 -13.600078      159
-17.600074 -12.800086      159
-17.599932 -11.999946      159
-17.600032 -11.199977      159
-17.600067 -10.400067      159
-17.600033  -9.600010      161
-17.599955  -8.800005      161
-17.600068  -8.000044      161
-17.599979  -7.200029      161
-17.599980  -6.400094      160
-17.599911  -5.600046      160
-17.599958  -4.800064      160
-17.599927  -3.999943      160
-17.600077  -3.199977      160
-17.600027  -2.400030      166
-17.600024  -1.600058      166
-17.600086  -0.799971      166
-17.600050   0.000040      166
-17.600068   0.799900      174
-17.599973   1.600028      174
-17.600021   2.400081      174
-17.600012   3.200002      174
-17.600027   3.999998      174
-17.599907   4.800016      186
-17.600022   5.600068      186
-17.600018   6.399942      186
-17.599924   7.199942      266
-17.600059   8.000087      266
-17.600025   8.799931      266
-17.599991   9.599972      267
-17.599967  10.399940      336
-17.600036  11.200029      336
-17.600073  11.999924      336
-17.599906  12.800023      336
-17.599957  13.599945      336
-17.600100  14.400016      336
-17.600039  15.199948      354
-17.600025  16.000063      354
-17.599977  16.799927      354
-17.600069  17.599930      354
-17.600008  18.399986      354
-17.600022  19.200027      354
-17.599967  20.000050      354
-17.600041  20.800009      354
-16.799945 -20.000006      158
-16.799931 -19.199960      158
-16.800047 -18.399943      158
-16.799935 -17.599964      158
-16.799913 -16.800057      167
-16.800077 -15.999949      167
-16.800028 -15.200021      159
-16.800006 -14.399908      159
-16.800092 -13.600046      159
-16.800022 -12.800063      159
-16.799949 -12.000017      159
-16.800024 -11.200002      159
-16.800055 -10.399911      159
-16.799959  -9.599901      153
-16.799918  -8.800046      153
-16.800083  -8.000078      153
-16.799933  -7.199944      160
-16.799982  -6.400057      160
-16.799947  -5.600018      160
-16.800095  -4.799925      160
-16.800022  -3.999938      160
-16.799918  -3.199919      160
-16.800060  -2.399909      166
-16.799982  -1.599955      166
-16.800035  -0.799967      166
-16.800012   0.000089      166
-16.799929   0.799946      174
-16.800094   1.600008      174
-16.800054   2.400035      174
-16.799901   3.200037      174
-16.799978   4.000079      174
-16.800007   4.799948      186
-16.800028   5.600081      186
-16.800083   6.400065      186
-16.800027   7.200031      186
-16.800008   7.999997      267
-16.799964   8.800025      267
-16.799930   9.599904      267
-16.800099  10.400015      267
-16.800082  11.200065      333
-16.799908  12.000090      333
-16.800090  12.800056      333
-16.799931  13.599989      333
-16.799918  14.399936      333
-16.800017  15.199950      354
-16.799908  16.000049      354
-16.799943  16.800072      354
-16.800065  17.600053      354
-16.799961  18.400074      354
-16.800044  19.200038      354
-16.799961  20.000073      354
-16.799922  20.800046      354
-15.999917 -20.799988      158
-15.999969 -19.999934      158
-15.999975 -19.200022      158
-15.999921 -18.400045      158
-15.999987 -17.600001      158
-15.999940 -16.800031      158
-15.999950 -15.999966      158
-15.999913 -15.200052      159
-15.999989 -14.400079      159
-15.999919 -13.600088      159
-16.000096 -12.800054      159
-16.000087 -12.000056      159
-16.000031 -11.200038      159
-15.999908 -10.400095      153
-15.999956  -9.599926      153
-16.000090  -8.800088      153
-15.999971  -8.000055      153
-16.000068  -7.200065      153
-16.000073  -6.399913      160
-16.000025  -5.599900      160
-15.999994  -4.799970      160
-15.999953  -4.000093      160
-15.999934  -3.200089      160
-16.000015  -2.399913      166
-16.000021  -1.600059      166
-16.000052  -0.799986      166
-15.999953  -0.000009      166
-16.000069   0.800019      174
-15.999929   1.599955      174
-15.999936   2.399997      174
-15.999937   3.199956      174
-16.000032   4.000032      174
-16.000046   4.799905      186
-15.999958   5.600059      186
-16.000010   6.400070      186
-15.999961   7.200035      186
-15.999997   7.999927      267
-15.999944   8.799938      267
-16.000043   9.599934      267
-16.000021  10.400019      267
-16.000027  11.200026      333
-16.000073  12.000036      333
-16.000081  12.799976      333
-16.000085  13.600024      333
-16.000081  14.400031      333
-15.999967  15.199922      354
-16.000020  16.000054      354
-15.999994  16.800088      354
-15.999998  17.599961      354
-16.000049  18.400019      354
-15.999919  19.199987      354
-16.000056  19.999998      354
-15.999944  20.799942      354
-15.199913 -20.799962      158
-15.200069 -19.999942      158
-15.200014 -19.199912      158
-15.199930 -18.400068      158
-15.200045 -17.599992      158
-15.199972 -16.799945      158
-15.199936 -15.999999      158
-15.200099 -15.200031      158
-15.200073 -14.399947      159
-15.199906 -13.600088      159
-15.199979 -12.799962      159
-15.200039 -11.999971      159
-15.200092 -11.199941      153
-15.200028 -10.400094      153
-15.199990  -9.600066      153
-15.200046  -8.800077      153
-15.199959  -8.000009      153
-15.199932  -7.200064      153
-15.199994  -6.399956      160
-15.199917  -5.600045      160
-15.200011  -4.799974      160
-15.199941  -3.999945      160
-15.200059  -3.199965      160
-15.199998  -2.400040      166
-15.199982  -1.599971      166
-15.199977  -0.800018      166
-15.199922  -0.000087      163
-15.200047   0.800015      163
-15.199906   1.600060      174
-15.199927   2.399987      174
-15.200087   3.200017      174
-15.199927   4.000062      172
-15.199915   4.800054      186
-15.200028   5.600061      186
-15.200065   6.400007      186
-15.199903   7.200085      186
-15.199937   7.999976      267
-15.199998   8.800082      267
-15.199993   9.599946      267
-15.200013  10.399987      267
-15.199992  11.200051      333
-15.199976  11.999994      333
-15.200085  12.799922      333
-15.199942  13.600044      333
-15.200048  14.399915      328
-15.200078  15.200048      328
-15.199960  15.999928      354
-15.199931  16.799938      354
-15.200012  17.599963      354
-15.200025  18.399990      354
-15.200026  19.199959      354
-15.199979  19.999988      354
-15.199988  20.800029      354
-14.400038 -20.799959      158
-14.400029 -19.999915      158
-14.399937 -19.199928      158
-14.399973 -18.400040      158
-14.399946 -17.599993      158
-14.400085 -16.799977      158
-14.399902 -16.000069      158
-14.399929 -15.200057      158
-14.399982 -14.400053      152
-14.399959 -13.599940      152
-14.400021 -12.800060      152
-14.399921 -12.000055      152
-14.399906 -11.199953      153
-14.399953 -10.399934      153
-14.399909  -9.600049      153
-14.400041  -8.800093      153
-14.399967  -7.999975      153
-14.399918  -7.200041      153
-14.400076  -6.400014      151
-14.399963  -5.600038      151
-14.400023  -4.799940      160
-14.399997  -4.000068      155
-14.400019  -3.200017      155
-14.399992  -2.399913      155
-14.399921  -1.599993      155
-14.399995  -0.800039      163
-14.400001   0.000020      163
-14.400052   0.799920      163
-14.399989   1.599917      163
-14.399915   2.399909      172
-14.399915   3.199938      172
-14.400068   3.999949      172
-14.400070   4.799930      172
-14.400008   5.599997      186
-14.399947   6.399998      186
-14.400005   7.200097      193
-14.400033   8.000005      193
-14.400079   8.800023      267
-14.399957   9.600086      267
-14.399936  10.399941      268
-14.400037  11.200037      268
-14.399984  11.999968      333
-14.400064  12.799981      328
-14.399955  13.599943      328
-14.400041  14.400010      328
-14.400075  15.199934      328
-14.399943  15.999991      328
-14.399914  16.800088      353
-14.400048  17.599906      353
-14.400097  18.399902      353
-14.400066  19.199920      353
-14.400091  20.000048      353
-13.599916 -20.800018      158
-13.599920 -19.999931      158
-13.599918 -19.199995      158
-13.599925 -18.399938      158
-13.599939 -17.599994      158
-13.600061 -16.799958      158
-13.600033 -16.000058      158
-13.600079 -15.200055      152
-13.599959 -14.400013      152
-13.600081 -13.600053      152
-13.599909 -12.799945      152
-13.600021 -11.999958      152
-13.600089 -11.200040      153
-13.600003 -10.400070      153
-13.600009  -9.600067      153
-13.600088  -8.800081      153
-13.600020  -7.999928      153
-13.599989  -7.199911      151
-13.600056  -6.400010      151
-13.599902  -5.599970      151
-13.599910  -4.800032      151
-13.600040  -3.999948      155
-13.600044  -3.200079      155
-13.599918  -2.400040      155
-13.599990  -1.599953      155
-13.599965  -0.799942      163
-13.599907   0.000078      163
-13.599978   0.799941      163
-13.599929   1.599929      163
-13.600069   2.400066      172
-13.599988   3.199947      172
-13.599976   3.999912      172
-13.599952   4.800012      172
-13.600099   5.600012      172
-13.600047   6.399907      193
-13.600026   7.200066      193
-13.599932   8.000040      193
-13.600037   8.800060      193
-13.599949   9.600071      268
-13.600046  10.400100      268
-13.600050  11.199967      268
-13.600046  12.000095      268
-13.599918  12.799910      328
-13.600067  13.600078      328
-13.599905  14.400009      328
-13.600048  15.200019      328
-13.600099  15.999987      334
-13.600069  16.800054      353
-13.600095  17.599978      353
-13.600081  18.400017      353
-13.600087  19.200015      353
-13.599922  19.999946      353
-12.799916 -20.800086      158
-12.799980 -19.999944      158
-12.799984 -19.199995      158
-12.800018 -18.399948      158
-12.800044 -17.600055      158
-12.800006 -16.799910      158
-12.800006 -15.999941      158
-12.799968 -15.200023      152
-12.800061 -14.400007      152
-12.799933 -13.599975      152
-12.799911 -12.800002      152
-12.799962 -11.999909      152
-12.800048 -11.199973      152
-12.800074 -10.400067      153
-12.799925  -9.600034      153
-12.800065  -8.799929      153
-12.800098  -8.000009      153
-12.800039  -7.199909      151
-12.800043  -6.400060      151
-12.800099  -5.599957      151
-12.800064  -4.800058      151
-12.800024  -3.999968      155
-12.799939  -3.199989      155
-12.800031  -2.399983      155
-12.800032  -1.599995      155
-12.800078  -0.799940      154
-12.799968  -0.000099      163
-12.800040   0.800032      163
-12.800054   1.599955      163
-12.799973   2.399936      172
-12.799984   3.200091      172
-12.800027   3.999999      172
-12.800044   4.799913      172
-12.799996   5.599929      178
-12.800059   6.399907      193
-12.799909   7.199924      193
-12.800053   8.000085      193
-12.800072   8.800021      193
-12.800024   9.599951      268
-12.799903  10.399972      268
-12.799902  11.200097      268
-12.800011  11.999919      268
-12.799951  12.799926      328
-12.799991  13.599941      328
-12.799979  14.400019      328
-12.799924  15.199927      334
-12.800087  15.999944      334
-12.799974  16.799912      334
-12.800063  17.599977      353
-12.799961  18.400053      353
-12.799963  19.199906      353
-12.800096  20.000001      353
-12.000092 -20.799993      158
-11.999973 -19.999998      158
-12.000072 -19.200085      158
-11.999965 -18.399905      158
-11.999940 -17.599927      158
-12.000062 -16.799911      158
-11.999994 -15.999952      158
-11.999996 -15.200027      152
-11.999976 -14.400027      152
-12.000025 -13.599994      152
-12.000052 -12.799969      152
-11.999976 -12.000087      152
-12.000053 -11.199903      152
-11.999907 -10.400035      137
-12.000071  -9.599906      137
-11.999921  -8.800065      137
-12.000005  -8.000021      151
-11.999944  -7.199984      151
-11.999923  -6.400077      151
-12.000075  -5.599977      151
-12.000029  -4.799948      151
-12.000028  -3.999951      155
-11.999911  -3.199919      155
-12.000027  -2.399916      155
-11.999924  -1.599901      154
-12.000002  -0.800088      154
-12.000021  -0.000034      154
-12.000095   0.799954      164
-11.999926   1.599945      164
-11.999920   2.399995      164
-11.999948   3.199936      172
-11.999914   3.999956      172
-11.999913   4.800032      178
-12.000091   5.600060      178
-11.999915   6.399980      178
-12.000011   7.200007      193
-12.000031   8.000052      193
-11.999916   8.800073      222
-12.000020   9.600072      222
-11.999951  10.400076      222
-12.000007  11.199913      289
-11.999968  12.000030      289
-12.000086  12.799926      289
-11.999937  13.599972      328
-11.999981  14.399993      334
-11.999940  15.199911      334
-11.999978  16.000005      334
-12.000019  16.800089      334
-12.000038  17.600078      353
-11.999917  18.400019      353
-12.000076  19.199907      353
-11.999921  20.000064      353
-11.199979 -20.799984      158
-11.200021 -20.000052      158
-11.199962 -19.200090      158
-11.200098 -18.399997      158
-11.200013 -17.600004      158
-11.200100 -16.800095      158
-11.200020 -15.999924      158
-11.199998 -15.199989      152
-11.200076 -14.399947      152
-11.200023 -13.600077      152
-11.199920 -12.799910      152
-11.199979 -12.000034      152
-11.199978 -11.200090      137
-11.199924 -10.400020      137
-11.199997  -9.600084      137
-11.199914  -8.800098      137
-11.200019  -8.000094      137
-11.200031  -7.199937      151
-11.200026  -6.399917      151
-11.199998  -5.599972      151
-11.199984  -4.800045      151
-11.199981  -3.999960      155
-11.200038  -3.199953      155
-11.199979  -2.400003      154
-11.200064  -1.599932      154
-11.199937  -0.800084      154
-11.200028  -0.000044      154
-11.199944   0.800090      164
-11.199925   1.599989      164
-11.200085   2.400092      164
-11.200019   3.200048      164
-11.200089   3.999994      173
-11.200040   4.800069      178
-11.200044   5.599957      178
-11.199951   6.400027      178
-11.200024   7.199965      178
-11.199985   8.000025      222
-11.199911   8.800005      222
-11.200093   9.600098      222
-11.200094  10.400013      222
-11.199942  11.199934      289
-11.199995  12.000053      289
-11.199986  12.799948      289
-11.200085  13.600009      289
-11.200079  14.400092      334
-11.200037  15.200062      334
-11.199998  16.000044      334
-11.199990  16.799935      334
-11.199912  17.599940      353
-11.199913  18.400003      353
-11.199951  19.199935      353
-11.199980  20.000038      353
-10.399934 -20.000014      158
-10.399947 -19.200063      158
-10.400085 -18.399982      158
-10.400071 -17.600064      158
-10.399972 -16.800066      150
-10.399907 -15.999937      150
-10.400035 -15.199956      152
-10.399957 -14.399904      152
-10.400006 -13.600049      152
-10.400090 -12.800036      152
-10.400070 -11.999989      152
-10.400036 -11.200082      137
-10.400085 -10.400017      137
-10.400008  -9.599967      137
-10.400076  -8.800057      137
-10.400060  -7.999981      137
-10.400096  -7.200018      132
-10.400074  -6.400028      132
-10.400067  -5.600004      132
-10.400074  -4.799996      132
-10.399995  -4.000040      133
-10.400051  -3.200088      133
-10.399906  -2.399968      133
-10.400055  -1.599976      154
-10.399996  -0.800047      154
-10.400068   0.000093      154
-10.400068   0.799915      164
-10.399933   1.600050      164
-10.399911   2.399944      164
-10.400038   3.199915      164
-10.400005   3.999960      173
-10.400078   4.800023      173
-10.400100   5.600023      178
-10.399941   6.399952      178
-10.399971   7.199993      194
-10.399923   8.000035      194
-10.400029   8.799989      222
-10.400086   9.600004      222
-10.400046  10.400059      222
-10.399976  11.200076      289
-10.399976  12.000053      289
-10.399945  12.799958      289
-10.399997  13.600037      320
-10.400071  14.399935      320
-10.400043  15.199974      334
-10.400011  16.000053      332
-10.399958  16.800033      332
-10.399975  17.600077      332
-10.400032  18.399942      353
-10.399958  19.200070      353
-10.399972  20.000033      353
 -9.599929 -20.000044      158
 -9.599905 -19.199947      150
 -9.599955 -18.400049      150
 -9.599958 -17.599921      150
 -9.599914 -16.799945      150
 -9.599992 -15.999923      150
 -9.600030 -15.199932      150
 -9.599902 -14.400011      138
 -9.599935 -13.599957      138
 -9.599969 -12.800100      138
 -9.600052 -11.999902      138
 -9.600036 -11.200064      137
 -9.600089 -10.400048      137
 -9.599955  -9.599927      137
 -9.600022  -8.800003      137
 -9.599943  -7.999963      137
 -9.600006  -7.199936      132
 -9.599913  -6.399903      132
 -9.599944  -5.600071      132
 -9.599982  -4.799926      132
 -9.599998  -3.999923      133
 -9.599941  -3.199927      133
 -9.599906  -2.399932      133
 -9.599933  -1.600029      133
 -9.599970  -0.799915      135
 -9.600007   0.000085      135
 -9.599961   0.799916      162
 -9.600028   1.599908      162
 -9.599993   2.400011      162
 -9.599926   3.199912      173
 -9.600033   4.000076      173
 -9.599920   4.799930      173
 -9.600071   5.599961      173
 -9.600091   6.400079      194
 -9.600095   7.200062      194
 -9.599987   7.999979      194
 -9.599904   8.800045      241
 -9.599996   9.599997      241
 -9.599955  10.400068      241
 -9.599945  11.199925      284
 -9.599967  12.000070      284
 -9.599915  12.799960      320
 -9.599959  13.599960      320
 -9.600031  14.400062      320
 -9.600076  15.200027      332
 -9.600028  16.000047      332
 -9.600007  16.800085      332
 -9.600070  17.599967      332
 -9.599937  18.400020      351
 -9.600033  19.200094      351
 -9.599919  19.999903      351
 -8.800061 -19.199975      150
 -8.800097 -18.400088      150
 -8.800008 -17.600094      150
 -8.800087 -16.800063      150
 -8.800062 -16.000010      150
 -8.799908 -15.200080      150
 -8.800051 -14.400061      138
 -8.800090 -13.599945      138
 -8.800058 -12.800048      138
 -8.800027 -11.999935      138
 -8.800015 -11.199988      138
 -8.800097 -10.399984      137
 -8.799955  -9.599993      137
 -8.800067  -8.799909      137
 -8.800073  -7.999908      137
 -8.799964  -7.199913      132
 -8.800028  -6.400006      132
 -8.799981  -5.600080      132
 -8.800022  -4.799942      132
 -8.800060  -3.999941      133
 -8.799972  -3.200082      133
 -8.800023  -2.399959      133
 -8.799959  -1.600099      133
 -8.799971  -0.800004      135
 -8.799929   0.000047      135
 -8.799967   0.799975      162
 -8.800046   1.600070      162
 -8.800042   2.399946      162
 -8.799931   3.200007      169
 -8.799930   4.000016      169
 -8.800061   4.800086      173
 -8.799963   5.600018      182
 -8.799902   6.400052      182
 -8.800073   7.199969      194
 -8.800073   7.999960      194
 -8.800032   8.800043      241
 -8.799988   9.600058      241
 -8.800050  10.399922      241
 -8.800092  11.199911      284
 -8.800079  12.000000      284
 -8.799955  12.800046      320
 -8.799975  13.600082      320
 -8.800063  14.400058      320
 -8.800092  15.200072      332
 -8.800059  16.000009      332
 -8.799961  16.799959      332
 -8.800034  17.599988      332
 -8.799954  18.399998      351
 -8.799929  19.200042      351
 -8.800015  19.999905      351
 -7.999966 -19.200029      150
 -8.000002 -18.399900      150
 -8.000053 -17.599942      150
 -7.999921 -16.800024      150
 -8.000072 -16.000077      150
 -8.000077 -15.199948      150
 -8.000100 -14.399947      138
 -7.999996 -13.599977      138
 -7.999991 -12.799909      138
 -8.000042 -12.000042      138
 -8.000097 -11.200087      138
 -7.999935 -10.399947      122
 -7.999939  -9.599908      122
 -7.999931  -8.800026      122
 -7.999964  -8.000042      122
 -8.000037  -7.200000      120
 -7.999999  -6.400068      120
 -8.000035  -5.599994      120
 -7.999900  -4.800083      121
 -7.999950  -3.999938      121
 -7.999914  -3.199918      133
 -7.999968  -2.399992      133
 -7.999958  -1.600041      135
 -7.999972  -0.799980      135
 -7.999928   0.000094      135
 -7.999905   0.800055      135
 -7.999944   1.599995      162
 -8.000070   2.400000      165
 -7.999928   3.200035      169
 -7.999963   4.000069      169
 -7.999983   4.800050      182
 -8.000069   5.599925      182
 -8.000042   6.399932      182
 -7.999970   7.200059      202
 -7.999920   8.000080      202
 -8.000052   8.799920      202
 -8.000042   9.600063      262
 -8.000061  10.400048      262
 -7.999921  11.199974      284
 -8.000090  11.999923      284
 -8.000087  12.799949      310
 -8.000001  13.599961      310
 -8.000030  14.399964      310
 -7.999986  15.199986      332
 -7.999908  16.000054      332
 -7.999902  16.800010      332
 -8.000051  17.599934      351
 -7.999952  18.399906      351
 -7.999951  19.199933      351
 -8.000082  19.999919      351
 -7.200075 -19.199936      150
 -7.199914 -18.399909      150
 -7.199958 -17.600091      150
 -7.200060 -16.800076      150
 -7.199958 -16.000086      150
 -7.199935 -15.199918      150
 -7.200048 -14.399964      138
 -7.200031 -13.599945      138
 -7.200052 -12.799921      138
 -7.199956 -11.999922      138
 -7.199957 -11.199948      138
 -7.200024 -10.400001      122
 -7.199903  -9.600086      122
 -7.200069  -8.799930      122
 -7.200023  -7.999959      122
 -7.200083  -7.199944      120
 -7.200052  -6.399960      120
 -7.200013  -5.599949      120
 -7.199986  -4.800009      121
 -7.199982  -4.000028      121
 -7.200062  -3.200023      121
 -7.200073  -2.400036      111
 -7.200004  -1.600063      111
 -7.200073  -0.800089      134
 -7.199945  -0.000019      134
 -7.199973   0.799958      134
 -7.199997   1.599994      165
 -7.199986   2.400053      165
 -7.199991   3.199974      165
 -7.200012   3.999949      177
 -7.199922   4.800083      177
 -7.199992   5.600011      182
 -7.200083   6.399901      189
 -7.199971   7.200037      189
 -7.199963   8.000062      202
 -7.199937   8.799993      202
 -7.199958   9.599956      262
 -7.199953  10.400088      262
 -7.200027  11.200067      273
 -7.199940  12.000083      273
 -7.199922  12.800031      310
 -7.200014  13.599957      310
 -7.200083  14.399948      310
 -7.200032  15.199920      329
 -7.200026  16.000009      329
 -7.199920  16.799945      351
 -7.200037  17.600062      351
 -7.200080  18.400053      351
 -7.199980  19.200090      351
 -7.200098  19.999970      351
 -6.399959 -20.800025      156
 -6.399954 -19.999916      150
 -6.399995 -19.200074      150
 -6.399998 -18.399951      150
 -6.400028 -17.600013      150
 -6.400024 -16.800072      150
 -6.400021 -15.999984      150
 -6.400059 -15.199942      150
 -6.399905 -14.399995      139
 -6.400052 -13.599995      138
 -6.399966 -12.799985      138
 -6.399938 -12.000067      138
 -6.400098 -11.199957      127
 -6.399913 -10.400018      122
 -6.400056  -9.599925      122
 -6.399986  -8.799945      122
 -6.399972  -7.999987      122
 -6.399996  -7.199963      120
 -6.399948  -6.400059      120
 -6.399935  -5.600076      120
 -6.399969  -4.799995      121
 -6.400090  -4.000020      121
 -6.400074  -3.199943      100
 -6.399901  -2.400083      111
 -6.400099  -1.600050      111
 -6.400016  -0.799915      112
 -6.399971   0.000057      134
 -6.399909   0.800078      134
 -6.399970   1.600022      136
 -6.399937   2.399958      165
 -6.399941   3.199997      170
 -6.399987   4.000046      177
 -6.400081   4.799933      177
 -6.400041   5.600061      177
 -6.400040   6.399928      189
 -6.400094   7.199910      189
 -6.400064   8.000025      220
 -6.399993   8.799947      220
 -6.399914   9.600076      220
 -6.400012  10.399928      273
 -6.399990  11.200028      273
 -6.399910  12.000093      273
 -6.400081  12.800003      308
 -6.400051  13.600000      308
 -6.400060  14.399902      329
 -6.399970  15.200004      329
 -6.400070  15.999932      329
 -6.399995  16.799916      329
 -6.400027  17.600035      351
 -6.399906  18.399986      351
 -6.400046  19.200035      351
 -6.400040  19.999912      351
 -5.600039 -21.600077      156
 -5.600080 -20.800062      156
 -5.599956 -20.000034      156
 -5.599916 -19.200035      156
 -5.600038 -18.399960      150
 -5.599972 -17.600016      150
 -5.600043 -16.799914      150
 -5.600000 -16.000086      150
 -5.600025 -15.199985      139
 -5.600016 -14.399919      139
 -5.599912 -13.600041      139
 -5.599936 -12.800096      139
 -5.599965 -12.000013      127
 -5.599926 -11.200082      127
 -5.599915 -10.399949      127
 -5.599914  -9.599964      122
 -5.599992  -8.800006      122
 -5.599974  -7.999933      122
 -5.600093  -7.199948      120
 -5.600073  -6.400023      120
 -5.599950  -5.599974      103
 -5.600064  -4.800060      103
 -5.599922  -4.000095      103
 -5.599970  -3.200000      100
 -5.599988  -2.400077      100
 -5.600064  -1.600051      111
 -5.599912  -0.799945      112
 -5.600083  -0.000052      112
 -5.600048   0.800013      136
 -5.599993   1.600094      136
 -5.600065   2.399986      170
 -5.600023   3.200071      170
 -5.600045   4.000045      179
 -5.600084   4.800029      179
 -5.599959   5.600086      191
 -5.599954   6.400000      191
 -5.600070   7.199925      207
 -5.599957   7.999976      207
 -5.600091   8.800006      220
 -5.600061   9.599937      220
 -5.599951  10.400097      263
 -5.599997  11.199959      263
 -5.599954  12.000036      308
 -5.599918  12.800021      308
 -5.599977  13.600056      308
 -5.599969  14.400041      329
 -5.599943  15.200040      329
 -5.599916  15.999927      329
 -5.600048  16.799966      329
 -5.599914  17.600019      351
 -5.600061  18.400032      351
 -5.600099  19.199917      351
 -5.599919  20.000011      351
 -4.799972 -21.599978      156
 -4.799947 -20.800041      156
 -4.799966 -19.999998      156
 -4.799981 -19.199956      156
 -4.800059 -18.399923      156
 -4.800080 -17.600012      156
 -4.799982 -16.800067      150
 -4.800020 -15.999995      139
 -4.800053 -15.199938      139
 -4.799972 -14.400072      139
 -4.800061 -13.600016      139
 -4.800098 -12.799975      139
 -4.800061 -12.000082      127
 -4.800050 -11.200040      127
 -4.800027 -10.399942      127
 -4.800011  -9.600094      127
 -4.799946  -8.800027      116
 -4.799962  -7.999922      116
 -4.799964  -7.199951       99
 -4.800090  -6.400010       99
 -4.800097  -5.599970      103
 -4.799996  -4.799968      103
 -4.799933  -4.000052       93
 -4.800081  -3.200020      100
 -4.800086  -2.400007      100
 -4.800082  -1.599919       94
 -4.799990  -0.799910      105
 -4.799950  -0.000041      105
 -4.799942   0.799946      114
 -4.800094   1.599969      114
 -4.799926   2.399974      171
 -4.800038   3.199970      176
 -4.799983   4.000038      179
 -4.800034   4.799949      179
 -4.800035   5.599991      191
 -4.800063   6.399943      191
 -4.800038   7.199969      207
 -4.799939   8.000061      207
 -4.799904   8.800007      249
 -4.799950   9.599962      249
 -4.800056  10.400010      263
 -4.800024  11.199965      277
 -4.799915  12.000001      277
 -4.799930  12.800085      308
 -4.800080  13.599987      308
 -4.800034  14.400084      329
 -4.800095  15.199928      329
 -4.800038  16.000005      329
 -4.800067  16.799951      329
 -4.800036  17.599916      351
 -4.800057  18.400002      351
 -4.799965  19.200009      351
 -4.000030 -21.600005      156
 -3.999924 -20.800061      156
 -3.999927 -19.999996      156
 -3.999983 -19.200036      156
 -4.000063 -18.399995      156
 -4.000018 -17.600087      156
 -4.000059 -16.800090      143
 -4.000080 -15.999907      143
 -3.999964 -15.200093      139
 -4.000048 -14.400058      139
 -3.999932 -13.600012      139
 -3.999915 -12.799964      139
 -4.000095 -11.999974      127
 -4.000040 -11.199949      127
 -4.000013 -10.400026      127
 -3.999939  -9.600030      119
 -4.000088  -8.800022      116
 -4.000042  -7.999944      116
 -4.000033  -7.200022       99
 -3.999976  -6.399942       99
 -4.000097  -5.599960       92
 -3.999909  -4.800063       92
 -4.000060  -4.000005       93
 -3.999961  -3.200062       93
 -3.999910  -2.400071       80
 -4.000058  -1.600008       94
 -3.999969  -0.799910       95
 -4.000090  -0.000065      102
 -4.000063   0.799948      106
 -4.000016   1.599982      115
 -3.999997   2.399977      171
 -4.000073   3.200099      176
 -3.999972   3.999998      183
 -3.999926   4.799985      188
 -3.999956   5.600027      197
 -3.999948   6.399964      203
 -3.999932   7.200093      211
 -3.999947   7.999979      211
 -3.999945   8.799955      249
 -3.999951   9.599938      249
 -4.000034  10.399944      271
 -3.999993  11.199995      277
 -3.999932  11.999938      277
 -4.000057  12.799967      321
 -3.999957  13.600010      321
 -4.000027  14.400074      321
 -3.999960  15.200002      331
 -3.999945  15.999970      331
 -3.999962  16.799955      331
 -3.999916  17.600027      331
 -4.000023  18.399986      350
 -4.000092  19.200015      350
 -3.200058 -21.600055      156
 -3.200002 -20.799995      156
 -3.199920 -19.999969      156
 -3.199965 -19.199906      156
 -3.200035 -18.400067      156
 -3.200026 -17.600079      156
 -3.199979 -16.799954      143
 -3.199918 -15.999984      143
 -3.199974 -15.199934      143
 -3.200026 -14.399949      139
 -3.199960 -13.600058      139
 -3.199962 -12.800008      128
 -3.200012 -12.000099      128
 -3.200033 -11.199973      128
 -3.199970 -10.400091      119
 -3.199997  -9.599908      119
 -3.200098  -8.800090      119
 -3.200077  -8.000091      116
 -3.199933  -7.200099       98
 -3.200082  -6.400076       91
 -3.200068  -5.600071       91
 -3.200054  -4.800080       92
 -3.200010  -4.000019       78
 -3.199924  -3.200096       68
 -3.199945  -2.399954       80
 -3.199971  -1.600030       79
 -3.200003  -0.799978       81
 -3.200092  -0.000008       82
 -3.200073   0.800015      101
 -3.199987   1.600097      109
 -3.199931   2.399958      175
 -3.200011   3.199979      180
 -3.200060   4.000091      183
 -3.200068   4.799959      188
 -3.200065   5.600026      197
 -3.200095   6.400096      203
 -3.199940   7.199901      221
 -3.200074   8.000062      211
 -3.199955   8.799967      258
 -3.199921   9.600078      258
 -3.199973  10.400090      271
 -3.200060  11.200047      271
 -3.199943  11.999993      304
 -3.200076  12.799974      321
 -3.200055  13.600051      321
 -3.200051  14.399976      321
 -3.199986  15.199920      331
 -3.200045  16.000093      331
 -3.199964  16.800087      331
 -3.200023  17.600088      331
 -3.199988  18.400055      350
 -3.199946  19.199903      350
 -3.199906  19.999948      350
 -3.199937  20.800066      350
 -3.199997  21.600002      350
 -2.400049 -21.600062      156
 -2.399991 -20.800070      156
 -2.400083 -19.999910      156
 -2.400059 -19.200017      156
 -2.400009 -18.400014      156
 -2.400016 -17.600032      143
 -2.399938 -16.799997      143
 -2.400036 -16.000038      143
 -2.400046 -15.200059      143
 -2.400009 -14.399921      143
 -2.400014 -13.599928      128
 -2.399923 -12.800036      128
 -2.399966 -12.000020      128
 -2.400009 -11.200058      128
 -2.399980 -10.399949      119
 -2.400056  -9.599911      119
 -2.400081  -8.799945      119
 -2.399959  -8.000089       98
 -2.399933  -7.200040       98
 -2.400098  -6.399929       91
 -2.400037  -5.599947       91
 -2.400016  -4.800093       78
 -2.399939  -3.999981       78
 -2.400023  -3.200047       68
 -2.399920  -2.399936       64
 -2.400068  -1.600050       61
 -2.400015  -0.800020       59
 -2.400015  -0.000046       62
 -2.400076   0.799917       65
 -2.399970   1.599983      104
 -2.400077   2.400020      113
 -2.399961   3.199975      181
 -2.400099   3.999973      187
 -2.399925   4.799971      195
 -2.400058   5.599982      201
 -2.400093   6.399928      201
 -2.399996   7.199936      221
 -2.399917   7.999951      239
 -2.400036   8.800015      258
 -2.400066   9.600045      258
 -2.399943  10.400011      271
 -2.400082  11.200035      304
 -2.400017  11.999933      304
 -2.399959  12.800064      304
 -2.400001  13.599971      321
 -2.399979  14.400088      321
 -2.400076  15.199932      331
 -2.399920  16.000017      331
 -2.400030  16.799980      331
 -2.399942  17.599975      331
 -2.399993  18.399987      350
 -2.399915  19.200084      350
 -2.400099  19.999915      350
 -2.400023  20.799964      350
 -2.400070  21.600084      350
 -2.400076  22.400003      350
 -1.600021 -21.600010      156
 -1.600010 -20.799943      156
 -1.600084 -19.999948      156
 -1.600052 -19.200008      156
 -1.599997 -18.400056      156
 -1.599912 -17.599928      143
 -1.599923 -16.800041      143
 -1.599947 -15.999944      143
 -1.600046 -15.200070      143
 -1.599990 -14.400003      140
 -1.600006 -13.599995      140
 -1.599999 -12.799960      128
 -1.599908 -11.999900      128
 -1.599935 -11.200000      126
 -1.599916 -10.399929      117
 -1.599921  -9.600003      117
 -1.600037  -8.800071      117
 -1.600010  -8.000009       97
 -1.600097  -7.200024       98
 -1.599940  -6.400055       83
 -1.599926  -5.600004       83
 -1.599948  -4.800068       67
 -1.599937  -4.000099       67
 -1.599956  -3.199901       60
 -1.599971  -2.400043       43
 -1.599910  -1.599921       28
 -1.600035  -0.800075       25
 -1.600002  -0.000059       23
 -1.600042   0.800036       24
 -1.600042   1.599925       63
 -1.599947   2.400002      110
 -1.599938   3.199900      185
 -1.600063   4.000076      192
 -1.599938   4.799966      195
 -1.599927   5.599926      205
 -1.600051   6.400038      205
 -1.599938   7.199923      239
 -1.600080   8.000054      239
 -1.599963   8.799999      260
 -1.599989   9.600034      276
 -1.599901  10.399941      276
 -1.599936  11.200022      304
 -1.600026  11.999925      304
 -1.599921  12.799908      323
 -1.600084  13.599971      323
 -1.599952  14.399975      323
 -1.600059  15.199988      331
 -1.600004  15.999936      331
 -1.599978  16.799901      331
 -1.600042  17.599913      350
 -1.600007  18.400015      350
 -1.600095  19.199955      350
 -1.600043  19.999953      350
 -1.599938  20.800033      350
 -1.600065  21.600035      350
 -1.600074  22.400089      350
 -0.799998 -21.599942      156
 -0.799931 -20.800028      156
 -0.799955 -20.000034      156
 -0.800033 -19.199962      156
 -0.800061 -18.400030      156
 -0.799918 -17.600086      149
 -0.799928 -16.800004      143
 -0.800041 -16.000060      143
 -0.799917 -15.199912      140
 -0.799901 -14.399958      140
 -0.800051 -13.600094      140
 -0.800092 -12.800082      140
 -0.799933 -12.000060      126
 -0.800028 -11.200014      126
 -0.800092 -10.399940      126
 -0.799941  -9.599975      117
 -0.800084  -8.799987      117
 -0.799987  -8.000032       97
 -0.800011  -7.199950       97
 -0.800090  -6.400073       83
 -0.799954  -5.600070       69
 -0.799994  -4.800019       69
 -0.799941  -3.999953       58
 -0.800096  -3.200006       44
 -0.800021  -2.400095       29
 -0.799967  -1.599988       22
 -0.800078  -0.799927        5
 -0.799906  -0.000012        4
 -0.800046   0.799995        8
 -0.800022   1.600027       14
 -0.799981   2.399975       66
 -0.800089   3.200059      190
 -0.800067   4.000029      198
 -0.800031   4.800038      204
 -0.800091   5.599954      204
 -0.800063   6.400055      230
 -0.800047   7.199971      230
 -0.800031   8.000097      260
 -0.800024   8.800008      260
 -0.799919   9.599909      276
 -0.799922  10.399917      276
 -0.800074  11.199965      307
 -0.800002  11.999968      307
 -0.800021  12.799988      323
 -0.799969  13.600036      323
 -0.800082  14.400010      323
 -0.800008  15.199919      335
 -0.799928  16.000011      335
 -0.799952  16.800084      335
 -0.799978  17.599992      335
 -0.800084  18.400086      350
 -0.799946  19.199947      350
 -0.800083  20.000027      350
 -0.800026  20.799990      350
 -0.799976  21.599954      350
 -0.799903  22.400083      350
  0.000019 -21.599948      156
  0.000053 -20.799992      156
 -0.000048 -20.000047      156
 -0.000027 -19.199990      149
 -0.000087 -18.400070      149
 -0.000025 -17.600089      149
 -0.000099 -16.800058      149
  0.000041 -16.000016      149
  0.000078 -15.199995      140
  0.000005 -14.400020      140
  0.000030 -13.600045      140
  0.000051 -12.800054      140
  0.000048 -12.000007      126
  0.000093 -11.199964      126
 -0.000034 -10.399935      126
  0.000038  -9.599953      118
  0.000062  -8.799999      118
 -0.000028  -7.999947       97
  0.000001  -7.199952       86
  0.000032  -6.399967       77
 -0.000026  -5.600096       77
 -0.000097  -4.800061       69
 -0.000010  -4.000092       58
  0.000087  -3.199941       39
 -0.000064  -2.400014       26
 -0.000023  -1.599998       19
 -0.000094  -0.800058        3
  0.000054   0.000038        0
  0.000024   0.799985        6
 -0.000052   1.599976       10
 -0.000028   2.400052       50
 -0.000059   3.200061      196
 -0.000091   3.999929      200
  0.000078   4.800087      209
  0.000001   5.599928      209
 -0.000056   6.400023      240
 -0.000061   7.200083      240
 -0.000028   7.999963      269
 -0.000026   8.799948      269
 -0.000041   9.599996      287
  0.000097  10.399903      287
  0.000006  11.200022      307
  0.000028  11.999999      307
 -0.000015  12.800037      323
 -0.000100  13.599936      323
 -0.000005  14.399972      323
 -0.000068  15.200014      335
 -0.000010  15.999900      335
 -0.000028  16.799942      335
 -0.000071  17.600018      335
 -0.000063  18.400043      352
  0.000088  19.200014      352
 -0.000081  20.000063      352
 -0.000030  20.800063      352
 -0.000077  21.600051      352
  0.799986 -21.600015      156
  0.799943 -20.800099      156
  0.800086 -19.999930      149
  0.800072 -19.200100      149
  0.800023 -18.399978      149
  0.800048 -17.600071      149
  0.800079 -16.800065      149
  0.799957 -15.999902      149
  0.799918 -15.200098      140
  0.800028 -14.399981      140
  0.800084 -13.600048      140
  0.800021 -12.799934      131
  0.800063 -11.999976      131
  0.800008 -11.199977      126
  0.799948 -10.399922      118
  0.800042  -9.600072      118
  0.800053  -8.799906      118
  0.800018  -7.999961       96
  0.799948  -7.200039       86
  0.799927  -6.400069       86
  0.799933  -5.599909       77
  0.800055  -4.800048       57
  0.800042  -4.000087       57
  0.799924  -3.200012       38
  0.800058  -2.400032       27
  0.800068  -1.599947       18
  0.799922  -0.799920        2
  0.799917  -0.000053        1
  0.799981   0.799919        7
  0.800060   1.599921       11
  0.800048   2.400009       46
  0.800066   3.199978      199
  0.800016   3.999950      208
  0.800032   4.800079      218
  0.799943   5.600064      235
  0.800017   6.400076      235
  0.799951   7.199912      261
  0.800040   7.999956      261
  0.800031   8.799941      269
  0.799965   9.600042      287
  0.800034  10.400008      287
  0.799992  11.200070      307
  0.800090  11.999959      307
  0.800077  12.800036      326
  0.799908  13.599997      326
  0.799901  14.399990      326
  0.799986  15.200057      335
  0.800044  15.999980      335
  0.799920  16.800064      335
  0.800081  17.599922      335
  0.799953  18.400079      352
  0.800048  19.199949      352
  0.799919  19.999986      352
  0.800033  20.800021      352
  0.799958  21.600048      352
  1.600086 -21.600087      293
  1.599956 -20.800073      293
  1.599913 -19.999949      149
  1.599943 -19.200002      149
  1.599983 -18.400023      149
  1.599954 -17.599973      149
  1.599901 -16.800002      149
  1.600080 -16.000063      149
  1.599945 -15.200047      149
  1.600077 -14.400010      147
  1.599964 -13.600036      131
  1.599923 -12.800075      131
  1.600013 -12.000049      131
  1.599957 -11.200013      125
  1.600062 -10.400038      125
  1.600099  -9.600024      125
  1.600031  -8.799923       96
  1.600091  -8.000039       96
  1.599962  -7.200014       87
  1.600087  -6.399948       87
  1.599975  -5.599907       70
  1.600053  -4.800028       70
  1.600099  -3.999948       56
  1.599967  -3.199966       40
  1.600036  -2.399925       30
  1.599953  -1.600053       21
  1.600022  -0.799967       13
  1.599927  -0.000001        9
  1.599972   0.799979       12
  1.600081   1.600031       15
  1.599981   2.400095       47
  1.599976   3.199902      206
  1.600050   3.999996      215
  1.599941   4.799915      218
  1.600063   5.600024      246
  1.599956   6.400057      246
  1.600074   7.200059      270
  1.599942   8.000016      261
  1.599978   8.799920      261
  1.599932   9.600084      288
  1.600079  10.399974      287
  1.599964  11.199950      309
  1.600087  12.000012      309
  1.600047  12.799911      326
  1.599996  13.600084      326
  1.599951  14.399948      326
  1.600019  15.199940      342
  1.600041  16.000041      342
  1.600003  16.799977      342
  1.599985  17.599935      342
  1.599974  18.400042      352
  1.600066  19.200022      352
  1.599932  20.000058      352
  1.599988  20.800001      352
  1.600081  21.600044      352
  2.399997 -22.400077      293
  2.400017 -21.600008      293
  2.400058 -20.800092      293
  2.399932 -19.999974      293
  2.399901 -19.200041      149
  2.399986 -18.399975      149
  2.400044 -17.600038      149
  2.399981 -16.799903      149
  2.399960 -15.999993      149
  2.400018 -15.199954      147
  2.400052 -14.400004      147
  2.400061 -13.600030      147
  2.399976 -12.799995      131
  2.399952 -11.999930      131
  2.399906 -11.200042      125
  2.400070 -10.399964      125
  2.399975  -9.600056      123
  2.399993  -8.799950      123
  2.400080  -8.000055      108
  2.400023  -7.199934       87
  2.399931  -6.399900       87
  2.400093  -5.600033       73
  2.399963  -4.800056       73
  2.399923  -4.000007       56
  2.400079  -3.200087       42
  2.400005  -2.400066       35
  2.399952  -1.599990       31
  2.399971  -0.799982       20
  2.400077  -0.000093       17
  2.399925   0.799986       16
  2.399942   1.600094       34
  2.400052   2.399946       53
  2.400100   3.199932      214
  2.400005   4.000000      231
  2.400021   4.800028      243
  2.400018   5.600051      243
  2.399953   6.400096      264
  2.400026   7.199929      270
  2.399917   8.000066      270
  2.399913   8.799920      288
  2.399960   9.599990      288
  2.400004  10.400095      288
  2.400095  11.199918      309
  2.400050  11.999960      309
  2.399937  12.800035      326
  2.399976  13.600059      326
  2.400073  14.399930      326
  2.400070  15.200059      342
  2.399994  16.000016      342
  2.399906  16.799996      342
  2.400068  17.599942      342
  2.400001  18.400080      352
  2.399993  19.200050      352
  2.400096  19.999941      352
  2.399990  20.799920      352
  2.399937  21.600099      352
  3.200032 -22.399992      293
  3.200073 -21.600063      293
  3.200038 -20.800019      293
  3.200067 -20.000009      293
  3.199964 -19.200018      293
  3.200011 -18.400087      293
  3.200061 -17.599943      157
  3.200089 -16.800049      157
  3.200096 -15.999912      157
  3.200063 -15.199989      147
  3.200027 -14.399901      147
  3.200022 -13.600050      147
  3.200033 -12.800086      147
  3.200060 -12.000071      141
  3.199937 -11.199926      141
  3.199964 -10.399903      141
  3.199992  -9.600047      123
  3.200073  -8.800078      123
  3.199966  -7.999968      108
  3.200038  -7.200082      108
  3.200067  -6.399946       85
  3.200071  -5.600040       85
  3.199980  -4.799940       71
  3.199996  -4.000097       71
  3.199919  -3.199902       54
  3.199950  -2.399919       41
  3.199981  -1.600016       37
  3.199991  -0.800008       33
  3.199904  -0.000073       32
  3.199944   0.800016       36
  3.200022   1.599975       49
  3.199967   2.399967      217
  3.200082   3.200050      232
  3.199921   4.000076      231
  3.200063   4.799933      251
  3.199997   5.600010      264
  3.199957   6.399920      264
  3.200019   7.200021      283
  3.200087   8.000091      283
  3.199917   8.799974      283
  3.200054   9.600082      288
  3.199942  10.399986      288
  3.200038  11.199984      309
  3.199948  11.999961      309
  3.199927  12.800021      330
  3.200065  13.599924      330
  3.199904  14.399911      330
  3.199924  15.199975      330
  3.199955  15.999960      342
  3.199978  16.800040      342
  3.200034  17.600070      342
  3.200039  18.400076      352
  3.200072  19.199901      352
  3.200086  20.000088      352
  3.200008  20.800068      352
  3.199920  21.599969      352
  3.999989 -22.400020      293
  4.000053 -21.599922      293
  4.000026 -20.799961      293
  4.000075 -20.000087      293
  3.999975 -19.199948      293
  3.999937 -18.400055      293
  3.999936 -17.599999      157
  3.999926 -16.800024      157
  3.999980 -16.000030      157
  4.000006 -15.199954      157
  3.999917 -14.399992      147
  4.000002 -13.600065      147
  4.000056 -12.799933      147
  4.000073 -11.999988      141
  3.999975 -11.200081      141
  4.000015 -10.400045      141
  4.000045  -9.600033      130
  3.999951  -8.800019      130
  4.000032  -7.999940      124
  3.999995  -7.200068      124
  3.999974  -6.399958      107
  4.000062  -5.600041       90
  3.999992  -4.799987       84
  4.000058  -3.999930       72
  4.000060  -3.200049       72
  4.000061  -2.399980       55
  4.000088  -1.599990       51
  3.999967  -0.799994       45
  4.000096   0.000073       48
  3.999924   0.799928       52
  3.999985   1.600026      223
  3.999980   2.400047      234
  4.000016   3.199979      245
  4.000047   4.000041      252
  4.000094   4.800054      251
  4.000075   5.599938      274
  4.000059   6.400049      282
  4.000069   7.199979      282
  4.000051   7.999944      283
  3.999961   8.800057      283
  4.000057   9.599981      306
  3.999922  10.399966      306
  3.999964  11.199963      325
  4.000013  12.000078      325
  3.999920  12.800063      325
  4.000001  13.600020      330
  4.000096  14.399991      330
  3.999922  15.200029      330
  3.999935  16.000029      342
  3.999944  16.800015      342
  3.999964  17.599996      348
  3.999985  18.399903      348
  3.999965  19.199950      348
  3.999998  19.999990      348
  3.999964  20.799937      352
  3.999957  21.600064      352
  4.800010 -22.399946      293
  4.800005 -21.600014      293
  4.800046 -20.800092      293
  4.800034 -20.000069      293
  4.799907 -19.200051      293
  4.800040 -18.399997      293
  4.800055 -17.599915      157
  4.800050 -16.800096      157
  4.799937 -16.000034      157
  4.800072 -15.199939      157
  4.800020 -14.399939      225
  4.799907 -13.599934      225
  4.799932 -12.799989      148
  4.800093 -12.000054      148
  4.800083 -11.200096      145
  4.800067 -10.400040      145
  4.799986  -9.600099      130
  4.800063  -8.799920      142
  4.800046  -7.999915      124
  4.800095  -7.200087      129
  4.799905  -6.400081      107
  4.799946  -5.600076       90
  4.799959  -4.799934       84
  4.800012  -3.999975       88
  4.799988  -3.199905       76
  4.799933  -2.399931       76
  4.799900  -1.599949       74
  4.800035  -0.799907       75
  4.799961   0.000031       89
  4.800066   0.799933      229
  4.799913   1.600086      238
  4.799992   2.399968      248
  4.800078   3.199956      245
  4.800066   4.000051      252
  4.799971   4.800082      274
  4.799909   5.599975      274
  4.800015   6.399907      282
  4.799992   7.199991      282
  4.800019   8.000000      305
  4.800037   8.799907      305
  4.800089   9.599905      306
  4.799927  10.399997      306
  4.800026  11.200066      325
  4.799904  11.999968      325
  4.800058  12.800048      325
  4.800044  13.599989      330
  4.799918  14.399902      330
  4.799979  15.200095      330
  4.800010  16.000036      330
  4.800085  16.799946      348
  4.800030  17.599964      348
  4.799962  18.399978      348
  4.800022  19.199997      348
  4.799904  19.999905      348
  4.800083  20.800028      348
  4.800049  21.600097      348
  5.600095 -22.399924      293
  5.599945 -21.600050      293
  5.599946 -20.800092      293
  5.600026 -20.000006      293
  5.599999 -19.200007      293
  5.600073 -18.399967      293
  5.599983 -17.600075      157
  5.600084 -16.799958      157
  5.599986 -16.000065      157
  5.599977 -15.199941      225
  5.600010 -14.400005      225
  5.599994 -13.600030      225
  5.599987 -12.799921      148
  5.600063 -12.000041      148
  5.599986 -11.200015      145
  5.600082 -10.399977      145
  5.599967  -9.599970      142
  5.600069  -8.799986      142
  5.599909  -8.000033      129
  5.600057  -7.200045      129
  5.599914  -6.400057      144
  5.600090  -5.599995      144
  5.600098  -4.800020      146
  5.599969  -4.000071       88
  5.599919  -3.200089      210
  5.600047  -2.400029      210
  5.600040  -1.599973      219
  5.599996  -0.799965      228
  5.600097  -0.000083      236
  5.599990   0.800060      244
  5.599905   1.600001      250
  5.600063   2.400087      248
  5.599934   3.200033      272
  5.599906   4.000044      278
  5.600047   4.800075      278
  5.600011   5.599911      290
  5.600057   6.400034      290
  5.599934   7.200017      305
  5.599978   7.999992      305
  5.600025   8.800064      305
  5.599932   9.600026      306
  5.600002  10.399933      306
  5.599962  11.199974      325
  5.600071  12.000049      325
  5.599963  12.800044      325
  5.599952  13.600057      341
  5.599902  14.399949      341
  5.600055  15.199929      341
  5.599958  15.999954      341
  5.600014  16.800047      348
  5.599939  17.600009      348
  5.599956  18.399902      348
  5.600074  19.199997      348
  5.599961  20.000063      348
  5.600094  20.800095      348
  5.599902  21.599934      348
  6.400057 -22.400071      293
  6.399972 -21.599950      293
  6.399973 -20.799903      293
  6.399935 -19.999948      293
  6.399963 -19.200085      293
  6.400067 -18.399913      293
  6.399905 -17.599983      297
  6.399965 -16.800057      297
  6.399917 -15.999951      297
  6.400025 -15.200084      225
  6.399951 -14.400097      225
  6.399984 -13.599950      225
  6.400083 -12.799925      226
  6.399920 -11.999932      226
  6.400053 -11.199989      227
  6.400064 -10.400074      227
  6.400087  -9.599941      216
  6.400031  -8.799987      216
  6.399955  -7.999917      212
  6.399926  -7.200096      212
  6.399979  -6.399922      213
  6.399906  -5.600079      213
  6.400052  -4.799996      146
  6.399948  -3.999963      224
  6.400012  -3.200083      224
  6.399923  -2.399916      233
  6.399990  -1.600057      219
  6.400087  -0.800054      247
  6.400097  -0.000080      236
  6.399919   0.800077      244
  6.399936   1.599972      250
  6.400087   2.400007      275
  6.399931   3.200000      272
  6.400003   4.000076      286
  6.399989   4.800033      278
  6.400041   5.600001      290
  6.399949   6.400015      290
  6.400009   7.199983      312
  6.400040   8.000090      317
  6.400039   8.800083      317
  6.400043   9.600094      317
  6.400075  10.400039      327
  6.400067  11.200097      327
  6.400023  11.999947      327
  6.399964  12.799913      327
  6.400064  13.599928      341
  6.400073  14.399922      341
  6.399954  15.199909      341
  6.399952  15.999936      341
  6.400075  16.800081      348
  6.400028  17.599901      348
  6.399947  18.399953      348
  6.400005  19.200011      348
  6.399946  19.999988      348
  6.400084  20.800034      348
  6.400024  21.599987      348
  7.200004 -22.400091      293
  7.200078 -21.600070      293
  7.200036 -20.799906      293
  7.199914 -20.000023      293
  7.199930 -19.200066      293
  7.199959 -18.399919      297
  7.200055 -17.599973      297
  7.200005 -16.799903      297
  7.200090 -15.999927      297
  7.200005 -15.200059      297
  7.199999 -14.399902      225
  7.199994 -13.600021      291
  7.200039 -12.799908      226
  7.200054 -11.999958      226
  7.199936 -11.199968      227
  7.199920 -10.400034      227
  7.200058  -9.599988      216
  7.200040  -8.800012      216
  7.200099  -8.000009      212
  7.199985  -7.199921      212
  7.199967  -6.399966      213
  7.199940  -5.599939      237
  7.200100  -4.800055      237
  7.200004  -3.999959      242
  7.199946  -3.200021      242
  7.199925  -2.400004      233
  7.200031  -1.599920      253
  7.200017  -0.799939      247
  7.199901  -0.000097      265
  7.200082   0.799938      265
  7.200082   1.599982      280
  7.199968   2.399982      275
  7.199926   3.200085      286
  7.199981   3.999931      286
  7.200042   4.799941      301
  7.199994   5.599953      301
  7.200092   6.400069      312
  7.199946   7.199942      312
  7.199916   8.000090      317
  7.200047   8.799981      317
  7.199901   9.600079      317
  7.199918  10.399977      327
  7.199953  11.199933      327
  7.199900  11.999916      327
  7.200089  12.800020      327
  7.200029  13.599951      341
  7.199932  14.400052      341
  7.199971  15.199999      341
  7.200083  15.999910      341
  7.200007  16.799968      348
  7.199956  17.599909      348
  7.200017  18.399919      348
  7.199992  19.200077      348
  7.199973  20.000064      348
  7.200005  20.799929      348
  7.200097  21.599974      348
  8.000056 -20.799939      293
  7.999918 -19.999902      293
  7.999901 -19.199980      297
  8.000028 -18.399989      297
  8.000005 -17.600074      297
  7.999954 -16.800094      297
  7.999934 -16.000049      297
  8.000048 -15.199956      297
  7.999939 -14.399968      291
  7.999907 -13.599930      291
  7.999923 -12.800060      291
  7.999900 -11.999984      257
  7.999965 -11.200063      257
  8.000082 -10.399980      279
  8.000010  -9.599920      255
  8.000022  -8.800079      255
  8.000037  -8.000046      255
  7.999913  -7.200089      254
  8.000030  -6.400055      254
  7.999944  -5.600054      237
  8.000012  -4.800057      237
  8.000022  -4.000012      242
  8.000065  -3.199915      259
  7.999915  -2.400094      259
  8.000076  -1.600067      253
  7.999930  -0.800025      253
  7.999951   0.000047      281
  8.000045   0.800003      280
  8.000037   1.599948      280
  7.999918   2.400075      296
  7.999978   3.199985      296
  7.999944   3.999903      302
  8.000085   4.799913      301
  8.000099   5.600021      301
  8.000091   6.400082      312
  8.000057   7.199997      312
  7.999997   7.999919      312
  8.000084   8.799974      317
  8.000020   9.599953      317
  8.000043  10.399907      327
  7.999945  11.199963      327
  7.999918  12.000005      327
  7.999914  12.799985      327
  7.999994  13.600021      346
  8.000005  14.400083      346
  7.999963  15.199951      346
  7.999960  16.000004      346
  8.000095  16.799941      355
  8.000026  17.600013      355
  7.999991  18.400047      355
  8.000051  19.199973      355
  8.000066  19.999977      355
  8.000071  20.800063      355
  7.999956  21.600064      355
  8.800057 -17.599991      297
  8.799913 -16.799953      297
  8.800076 -15.999983      297
  8.799994 -15.199949      297
  8.799984 -14.400041      291
  8.799970 -13.600034      291
  8.800070 -12.800028      291
  8.800019 -12.000000      257
  8.799955 -11.199913      257
  8.799988 -10.399950      279
  8.800007  -9.600069      279
  8.800029  -8.799965      255
  8.799961  -8.000065      255
  8.799908  -7.200049      254
  8.799973  -6.400063      254
  8.799922  -5.600086      254
  8.799906  -4.799996      256
  8.799948  -4.000007      256
  8.799961  -3.200029      259
  8.799906  -2.399987      259
  8.799926  -1.599968      285
  8.800097  -0.800051      281
  8.800061   0.000007      281
  8.799911   0.799939      281
  8.799968   1.600074      299
  8.799994   2.400049      296
  8.800035   3.200043      296
  8.799982   4.000070      302
  8.799917   4.799937      302
  8.800014   5.600036      318
  8.800082   6.400076      318
  8.800079   7.200058      318
  8.800074   8.000011      324
  8.800020   8.800044      324
  8.799992   9.599993      324
  8.800080  10.399958      338
  8.800097  11.200099      338
  8.800086  11.999992      338
  8.800095  12.799998      338
  8.800014  13.600068      346
  8.799988  14.400067      346
  8.800038  15.200004      346
  8.799904  16.000095      346
  8.800071  16.800022      355
  8.800089  17.600080      355
  8.799989  18.399923      355
  8.799933  19.200031      355
  8.799993  20.000012      355
  8.799968  20.800069      355
  9.599920 -18.399906      297
  9.599906 -17.600041      297
  9.599913 -16.799968      297
  9.600071 -16.000047      297
  9.599956 -15.200022      297
  9.600024 -14.400090      291
  9.599954 -13.600090      291
  9.599903 -12.800083      300
  9.600046 -11.999902      300
  9.599974 -11.199990      300
  9.600091 -10.399946      279
  9.600025  -9.599948      279
  9.600029  -8.800076      294
  9.599966  -8.000042      294
  9.600023  -7.200012      254
  9.600091  -6.399948      292
  9.600036  -5.599956      292
  9.599930  -4.800054      256
  9.599922  -4.000031      256
  9.599970  -3.200031      259
  9.600022  -2.399954      285
  9.600100  -1.599925      285
  9.600041  -0.799918      298
  9.600096  -0.000045      298
  9.599985   0.799926      299
  9.600076   1.599941      299
  9.599925   2.399936      299
  9.599959   3.199971      302
  9.600025   3.999927      302
  9.599957   4.800009      302
  9.599952   5.599935      318
  9.599973   6.399969      318
  9.600008   7.199964      318
  9.600061   7.999943      324
  9.599941   8.800004      324
  9.599946   9.599931      324
  9.599994  10.399952      338
  9.599913  11.199999      338
  9.599982  11.999933      338
  9.599935  12.799917      338
  9.599986  13.600032      346
  9.600094  14.400006      346
  9.599917  15.200043      346
  9.600021  16.000080      346
  9.600019  16.799963      355
  9.599982  17.599993      355
  9.600039  18.399907      355
  9.600064  19.199978      355
  9.599936  20.000004      355
  9.600070  20.799903      355
 10.399984 -19.199930      362
 10.399961 -18.399918      362
 10.400000 -17.599965      297
 10.400018 -16.799955      297
 10.399937 -16.000030      315
 10.399947 -15.200054      315
 10.399942 -14.399928      315
 10.399910 -13.600078      315
 10.400038 -12.800001      300
 10.399919 -11.999997      300
 10.399907 -11.200093      300
 10.400000 -10.399959      303
 10.400050  -9.599909      294
 10.399962  -8.799926      294
 10.399992  -8.000054      294
 10.400054  -7.199972      292
 10.400052  -6.399969      292
 10.399945  -5.600087      292
 10.400057  -4.800086      292
 10.399995  -3.999957      295
 10.400039  -3.199981      295
 10.399923  -2.399982      285
 10.399993  -1.600010      285
 10.399978  -0.800067      298
 10.399915  -0.000005      298
 10.400003   0.799993      298
 10.400087   1.599983      299
 10.400059   2.400093      299
 10.400013   3.200076      299
 10.400049   3.999932      302
 10.400011   4.800016      319
 10.400039   5.599956      318
 10.399919   6.399975      318
 10.400016   7.200089      318
 10.399956   7.999922      324
 10.399903   8.799965      324
 10.400064   9.599912      324
 10.400045  10.399918      338
 10.400006  11.199958      338
 10.400033  12.000030      338
 10.399964  12.800098      338
 10.400100  13.599954      346
 10.399916  14.400003      346
 10.399979  15.199931      346
 10.400022  15.999966      346
 10.399916  16.799950      355
 10.399960  17.600033      355
 10.400010  18.400017      355
 10.400075  19.200099      355
 10.400022  19.999954      355
 10.399938  20.800046      355
 11.200086 -19.999963      362
 11.200083 -19.199944      362
 11.199941 -18.400080      362
 11.199973 -17.599961      362
 11.199919 -16.799901      362
 11.199949 -15.999970      315
 11.200076 -15.200075      315
 11.200081 -14.400064      315
 11.199996 -13.600014      315
 11.200067 -12.799961      300
 11.199900 -12.000070      300
 11.200029 -11.199938      300
 11.199968 -10.400071      303
 11.199908  -9.599912      303
 11.200079  -8.800059      294
 11.199943  -7.999943      294
 11.199992  -7.200056      292
 11.199987  -6.399949      292
 11.199994  -5.600054      292
 11.200061  -4.799971      292
 11.200038  -3.999932      295
 11.199988  -3.199961      295
 11.199912  -2.400044      295
 11.200057  -1.600013      285
 11.199917  -0.799966      298
 11.200043  -0.000045      298
 11.200034   0.800009      298
 11.200047   1.600096      316
 11.200000   2.399988      316
 11.200028   3.200073      316
 11.200020   3.999949      319
 11.200026   4.799928      319
 11.199918   5.600071      319
 11.199925   6.400047      319
 11.199989   7.200020      337
 11.199915   8.000067      337
 11.200079   8.800036      324
 11.199953   9.599989      324
 11.200045  10.400089      338
 11.200050  11.200043      338
 11.200060  12.000071      338
 11.199911  12.799969      338
 11.199945  13.599978      346
 11.199920  14.399982      346
 11.199921  15.199991      346
 11.199998  16.000026      346
 11.199905  16.800086      355
 11.200041  17.599970      355
 11.200014  18.400012      355
 11.200030  19.200090      355
 11.200087  19.999908      355
 12.000085 -19.999933      362
 11.999985 -19.199919      362
 12.000096 -18.400035      362
 12.000081 -17.599981      362
 11.999922 -16.799912      362
 12.000025 -16.000031      315
 12.000010 -15.200058      315
 11.999963 -14.400056      315
 11.999909 -13.599966      315
 12.000002 -12.800058      322
 11.999982 -11.999931      322
 11.999916 -11.199971      303
 11.999931 -10.400097      303
 11.999994  -9.599939      303
 11.999909  -8.800052      303
 11.999940  -7.999939      314
 12.000092  -7.200099      314
 11.999978  -6.399997      292
 12.000005  -5.600027      292
 11.999994  -4.799974      295
 12.000040  -4.000022      295
 12.000025  -3.200001      295
 11.999920  -2.400030      295
 12.000035  -1.600034      311
 12.000086  -0.799972      311
 11.999918  -0.000051      298
 11.999969   0.800024      316
 12.000007   1.600016      316
 11.999922   2.399980      316
 12.000022   3.200099      316
 12.000083   4.000084      319
 11.999955   4.799918      319
 12.000017   5.599956      319
 12.000074   6.399969      319
 11.999999   7.200014      337
 12.000001   8.000068      337
 12.000023   8.800096      337
 11.999924   9.599943      337
 11.999901  10.400025      347
 12.000030  11.199956      347
 11.999931  11.999992      347
 11.999945  12.799987      347
 12.000002  13.599973      347
 11.999903  14.400011      347
 11.999966  15.200087      346
 12.000001  16.000050      357
 12.000025  16.800059      357
 12.000063  17.600029      357
 11.999951  18.400039      357
 12.000088  19.199967      357
 11.999983  20.000074      357
 12.000053  20.800034      357
 12.799964 -20.000000      362
 12.800086 -19.199922      362
 12.799929 -18.399958      362
 12.799906 -17.600076      362
 12.800032 -16.800087      362
 12.800085 -15.999987      315
 12.799915 -15.200075      315
 12.800064 -14.399961      315
 12.799905 -13.600018      322
 12.799972 -12.800040      322
 12.799946 -12.000011      322
 12.799942 -11.200063      322
 12.800071 -10.399976      303
 12.800000  -9.600056      303
 12.799934  -8.799974      314
 12.800013  -7.999947      314
 12.799968  -7.200010      314
 12.800080  -6.399928      313
 12.800005  -5.599949      313
 12.799986  -4.799926      313
 12.800063  -3.999985      313
 12.800032  -3.200051      295
 12.800099  -2.400075      311
 12.799975  -1.599953      311
 12.799920  -0.800090      311
 12.799928   0.000020      311
 12.799924   0.799976      316
 12.799904   1.600009      316
 12.800009   2.399926      316
 12.800052   3.199914      316
 12.799907   4.000085      319
 12.800054   4.800084      319
 12.800052   5.599927      319
 12.799915   6.400037      337
 12.800095   7.199988      337
 12.800041   7.999921      337
 12.799919   8.800038      337
 12.799962   9.600078      337
 12.799962  10.400082      347
 12.799921  11.199937      347
 12.800009  11.999933      347
 12.800049  12.800074      347
 12.800044  13.599972      347
 12.800003  14.399986      347
 12.800051  15.200093      357
 12.799987  15.999991      357
 12.800035  16.799929      357
 12.799905  17.599915      357
 12.800097  18.399985      357
 12.800013  19.199954      357
 12.799937  19.999946      357
 12.799955  20.800068      357
 13.599944 -19.999951      362
 13.599981 -19.200006      362
 13.599937 -18.399993      362
 13.599993 -17.600042      362
 13.599928 -16.800007      362
 13.599939 -15.999905      362
 13.600038 -15.200034      315
 13.600088 -14.399984      315
 13.599991 -13.599998      322
 13.600061 -12.800080      322
 13.600000 -12.000096      322
 13.599926 -11.199948      322
 13.600002 -10.400089      344
 13.600047  -9.599948      314
 13.600012  -8.800044      314
 13.600074  -7.999938      314
 13.599905  -7.200057      314
 13.600014  -6.400023      313
 13.600065  -5.599984      313
 13.599915  -4.799950      313
 13.599902  -4.000041      313
 13.600053  -3.199969      313
 13.600038  -2.399956      311
 13.599911  -1.599921      311
 13.600055  -0.799991      311
 13.599949   0.000039      311
 13.600034   0.800065      316
 13.600043   1.600087      316
 13.600071   2.399983      316
 13.600078   3.199994      316
 13.599928   4.000058      339
 13.599937   4.800031      339
 13.599994   5.599919      339
 13.599976   6.400046      337
 13.599935   7.200037      337
 13.599928   7.999993      337
 13.600079   8.799968      337
 13.600000   9.599942      337
 13.600094  10.400083      347
 13.599969  11.200085      347
 13.599925  12.000038      347
 13.599940  12.799959      347
 13.600002  13.600038      347
 13.600060  14.399991      347
 13.600086  15.199931      357
 13.599976  15.999921      357
 13.600033  16.800017      357
 13.599918  17.600059      357
 13.599902  18.400024      357
 13.600079  19.200056      357
 13.600096  20.000059      357
 13.600046  20.799975      357
 14.400064 -20.000099      362
 14.399931 -19.200000      362
 14.400003 -18.399982      362
 14.399931 -17.599937      362
 14.400081 -16.800095      362
 14.399908 -16.000100      362
 14.400008 -15.199955      349
 14.399994 -14.399915      349
 14.400025 -13.600070      349
 14.400006 -12.799970      349
 14.400087 -11.999993      322
 14.400072 -11.200080      344
 14.399902 -10.400055      344
 14.400050  -9.600017      344
 14.399931  -8.799990      314
 14.399960  -8.000082      314
 14.399953  -7.199998      314
 14.400088  -6.399954      313
 14.400046  -5.600061      313
 14.400053  -4.799978      313
 14.399975  -3.999955      313
 14.400061  -3.200051      313
 14.400053  -2.399988      311
 14.399920  -1.600004      311
 14.400045  -0.800044      311
 14.399928   0.000078      311
 14.399984   0.800028      340
 14.399927   1.599944      316
 14.399908   2.400002      316
 14.399999   3.200077      339
 14.399971   3.999932      339
 14.399991   4.799928      339
 14.400069   5.600025      339
 14.400015   6.399988      339
 14.400030   7.199907      337
 14.399918   8.000083      337
 14.400069   8.800013      337
 14.400007   9.599933      337
 14.399987  10.400032      347
 14.400089  11.199953      347
 14.399944  12.000039      347
 14.400073  12.800018      347
 14.400066  13.599932      347
 14.399971  14.400070      347
 14.400082  15.200074      357
 14.400001  15.999934      357
 14.400003  16.800075      357
 14.399947  17.599970      357
 14.399930  18.399941      357
 14.399989  19.199964      357
 14.399930  20.000048      357
 14.400023  20.800014      357
 15.200099 -20.000099      362
 15.199953 -19.200094      362
 15.200018 -18.400047      362
 15.200056 -17.599968      368
 15.200044 -16.799900      368
 15.200079 -16.000003      368
 15.199934 -15.199975      349
 15.199964 -14.400007      349
 15.199945 -13.599969      349
 15.199996 -12.799986      349
 15.200064 -11.999918      349
 15.200067 -11.200087      344
 15.199946 -10.399930      344
 15.200078  -9.600089      344
 15.199967  -8.799903      345
 15.199912  -7.999969      345
 15.200095  -7.199905      345
 15.200051  -6.399966      313
 15.200011  -5.599912      313
 15.199969  -4.800015      313
 15.199999  -4.000032      313
 15.200089  -3.200053      343
 15.200033  -2.400040      343
 15.200017  -1.600097      311
 15.200050  -0.799945      340
 15.200008  -0.000012      340
 15.199987   0.800062      340
 15.200048   1.600006      340
 15.199984   2.400045      340
 15.199951   3.199919      339
 15.199919   3.999941      339
 15.199939   4.799944      339
 15.199907   5.600094      339
 15.200083   6.399940      339
 15.199919   7.200006      339
 15.200022   7.999954      337
 15.200095   8.799918      356
 15.199998   9.600002      356
 15.199948  10.400029      356
 15.199973  11.199991      347
 15.199951  11.999923      347
 15.199972  12.800032      347
 15.200012  13.600045      347
 15.199930  14.400063      366
 15.200089  15.200095      357
 15.200035  15.999911      357
 15.200012  16.799957      357
 15.199954  17.600013      357
 15.199982  18.400048      357
 15.199922  19.199940      357
 15.199911  19.999975      357
 15.199991  20.800029      357
 15.999978 -19.999971      368
 16.000036 -19.200070      368
 15.999910 -18.400006      368
 16.000061 -17.600044      368
 16.000037 -16.799907      368
 15.999957 -15.999965      368
 15.999973 -15.199997      349
 16.000082 -14.400069      349
 16.000021 -13.600009      349
 16.000048 -12.799998      349
 15.999911 -11.999922      349
 15.999917 -11.200068      344
 15.999928 -10.399951      344
 15.999983  -9.600056      344
 16.000067  -8.800063      345
 16.000035  -8.000028      345
 15.999921  -7.199914      345
 16.000023  -6.399921      345
 15.999902  -5.599925      313
 16.000059  -4.799908      313
 15.999962  -4.000095      343
 16.000038  -3.199944      343
 16.000065  -2.399970      343
 15.999934  -1.600017      343
 16.000073  -0.799934      340
 15.999969   0.000037      340
 16.000019   0.800065      340
 16.000028   1.600096      340
 15.999980   2.399902      340
 15.999957   3.200032      339
 16.000021   4.000089      339
 16.000070   4.800031      339
 16.000099   5.600023      339
 16.000058   6.399914      339
 15.999975   7.199925      339
 15.999958   7.999970      356
 15.999984   8.800070      356
 16.000049   9.600022      356
 16.000056  10.399953      356
 15.999979  11.200082      356
 16.000020  12.000012      356
 15.999993  12.800090      366
 15.999937  13.600095      366
 16.000051  14.399903      366
 16.000061  15.199942      366
 15.999911  15.999980      357
 15.999982  16.800042      357
 16.000087  17.599928      357
 15.999915  18.399908      357
 15.999974  19.199982      357
 16.000003  20.000025      357
 15.999940  20.799903      357
 16.799932 -20.000047      368
 16.800004 -19.199903      368
 16.800060 -18.400013      368
 16.800049 -17.600050      368
 16.800037 -16.799904      368
 16.799947 -15.999924      368
 16.800077 -15.200075      368
 16.799923 -14.400035      349
 16.800035 -13.599970      349
 16.800009 -12.799978      349
 16.800045 -11.999932      363
 16.799944 -11.199953      363
 16.799994 -10.399935      363
 16.800051  -9.600000      345
 16.799978  -8.800078      345
 16.799926  -8.000035      345
 16.800084  -7.200013      345
 16.799989  -6.400043      345
 16.799911  -5.599926      359
 16.799979  -4.799932      343
 16.799934  -4.000026      343
 16.800084  -3.199956      343
 16.800078  -2.399921      343
 16.800092  -1.599994      343
 16.799962  -0.800073      340
 16.799906   0.000081      340
 16.799905   0.799914      340
 16.799992   1.599954      340
 16.800059   2.399932      340
 16.799980   3.200020      339
 16.799972   4.000060      339
 16.799920   4.800061      339
 16.799928   5.599920      339
 16.799982   6.399970      339
 16.799965   7.200087      356
 16.799972   8.000067      356
 16.800040   8.800086      356
 16.800050   9.599976      356
 16.800011  10.400038      356
 16.800071  11.200066      356
 16.799983  12.000081      356
 16.799929  12.800003      366
 16.800050  13.599995      366
 16.800047  14.399965      366
 16.799918  15.199957      366
 16.799933  16.000088      366
 16.800007  16.799937      357
 16.800033  17.600021      357
 16.800052  18.399953      357
 16.800014  19.200033      357
 16.800083  20.000005      357
 16.800033  20.800056      357
 17.599941 -20.000092      368
 17.600042 -19.199911      368
 17.600016 -18.399968      368
 17.600045 -17.600016      368
 17.599996 -16.800058      368
 17.599997 -16.000084      368
 17.600026 -15.199903      368
 17.599951 -14.399937      349
 17.600026 -13.599996      349
 17.599933 -12.800092      363
 17.599974 -11.999911      363
 17.599992 -11.200081      363
 17.599910 -10.399927      363
 17.600061  -9.600092      345
 17.600018  -8.800092      345
 17.599900  -8.000066      345
 17.599986  -7.200076      345
 17.600054  -6.400035      359
 17.599999  -5.599941      359
 17.599905  -4.799976      359
 17.599990  -3.999954      343
 17.599998  -3.200088      343
 17.599950  -2.399912      343
 17.600100  -1.600100      343
 17.599993  -0.799956      340
 17.600029   0.000056      340
 17.599922   0.800006      340
 17.599975   1.599959      340
 17.600033   2.399934      358
 17.599935   3.200097      358
 17.600083   3.999983      358
 17.600035   4.799914      339
 17.600009   5.600007      339
 17.599922   6.400060      360
 17.600098   7.200095      360
 17.600081   7.999989      356
 17.600056   8.800002      356
 17.599981   9.600066      356
 17.599902  10.400021      356
 17.600096  11.199923      356
 17.599935  12.000023      366
 17.600023  12.800007      366
 17.599961  13.599929      366
 17.599961  14.399971      366
 17.600055  15.200068      366
 17.600029  16.000035      366
 17.599901  16.800052      366
 17.600022  17.600009      357
 17.600042  18.400050      357
 17.600009  19.199980      357
 17.600018  20.000046      357
 18.399935 -20.000042      368
 18.399941 -19.200011      368
 18.400069 -18.399958      368
 18.399985 -17.599924      368
 18.399996 -16.799929      368
 18.399909 -15.999980      368
 18.399963 -15.200026      368
 18.399948 -14.400010      368
 18.400094 -13.600095      363
 18.399963 -12.800019      363
 18.400039 -11.999951      363
 18.400060 -11.200097      363
 18.399968 -10.399960      363
 18.400036  -9.599954      363
 18.400031  -8.799920      345
 18.399946  -7.999952      345
 18.399949  -7.199971      359
 18.400087  -6.400048      359
 18.399974  -5.599981      359
 18.399958  -4.799963      359
 18.400030  -3.999979      343
 18.400024  -3.199951      343
 18.400040  -2.400080      343
 18.400004  -1.599983      343
 18.400099  -0.799901      340
 18.400049  -0.000006      340
 18.399942   0.799981      340
 18.399943   1.599909      358
 18.399943   2.400005      358
 18.399948   3.200095      358
 18.399949   4.000094      358
 18.399922   4.800059      358
 18.400023   5.600036      360
 18.399961   6.399918      360
 18.399904   7.200097      360
 18.400026   7.999943      360
 18.400069   8.799983      356
 18.400097   9.600046      356
 18.399919  10.399945      356
 18.400077  11.199962      356
 18.399955  12.000095      366
 18.400026  12.799936      366
 18.400071  13.600020      366
 18.400088  14.400033      366
 18.399932  15.200079      366
 18.399931  16.000041      366
 18.399986  16.800066      366
 18.400060  17.600020      366
 18.400090  18.399960      357
 18.400067  19.199994      357
 18.400014  19.999976      357
 19.200092 -20.000011      371
 19.199920 -19.200045      371
 19.199957 -18.400006      368
 19.199974 -17.599932      368
 19.199973 -16.800050      368
 19.199946 -15.999996      368
 19.200002 -15.199944      368
 19.200092 -14.399958      370
 19.199961 -13.600002      370
 19.199904 -12.799950      363
 19.200099 -12.000017      363
 19.200060 -11.199956      363
 19.200059 -10.399954      363
 19.200084  -9.599920      363
 19.199980  -8.799945      365
 19.200058  -7.999956      359
 19.200006  -7.199929      359
 19.200092  -6.399967      359
 19.200065  -5.600080      359
 19.200026  -4.799973      359
 19.200034  -4.000060      359
 19.199935  -3.200067      343
 19.200036  -2.400083      361
 19.200057  -1.599938      361
 19.199928  -0.800019      361
 19.199965  -0.000045      361
 19.200039   0.799965      361
 19.199969   1.599959      358
 19.200033   2.400075      358
 19.200045   3.200047      358
 19.200008   3.999963      358
 19.199947   4.800035      358
 19.199924   5.600089      360
 19.200093   6.399905      360
 19.200099   7.200001      360
 19.200068   7.999904      360
 19.200055   8.799913      360
 19.199902   9.599994      356
 19.199998  10.399936      356
 19.200040  11.199958      356
 19.199905  12.000094      366
 19.200002  12.799963      366
 19.200087  13.600097      366
 19.200084  14.400025      366
 19.199968  15.199920      366
 19.199916  16.000066      366
 19.200069  16.800080      366
 19.199942  17.599924      372
 19.200092  18.400026      372
 19.199940  19.199992      372
 19.199999  20.000018      372
 20.000006 -20.799930      371
 20.000040 -20.000000      371
 20.000030 -19.200037      371
 20.000034 -18.400021      371
 19.999910 -17.600055      371
 19.999945 -16.800097      371
 20.000097 -15.999996      371
 19.999933 -15.200060      370
 20.000036 -14.399910      370
 20.000079 -13.600097      370
 20.000038 -12.800087      370
 20.000096 -11.999957      370
 20.000049 -11.199908      363
 20.000026 -10.399994      363
 20.000092  -9.599927      365
 19.999903  -8.799992      365
 20.000057  -7.999914      365
 19.999966  -7.199928      359
 19.999919  -6.400008      359
 20.000024  -5.599983      359
 20.000062  -4.800037      359
 20.000053  -4.000022      359
 20.000021  -3.199954      361
 20.000099  -2.399903      361
 19.999961  -1.599931      361
 20.000036  -0.800011      361
 20.000044  -0.000062      361
 19.999965   0.799986      361
 20.000040   1.600040      358
 19.999904   2.399963      358
 19.999930   3.199951      358
 19.999999   4.000079      358
 19.999902   4.800057      360
 20.000029   5.600010      360
 20.000091   6.399942      360
 19.999933   7.199901      360
 19.999913   7.999933      360
 19.999956   8.800004      360
 19.999975   9.600015      369
 19.999907  10.399952      369
 19.999912  11.200025      369
 20.000030  11.999926      366
 19.999972  12.799944      366
 20.000082  13.599968      366
 20.000089  14.400033      366
 20.000002  15.199915      366
 20.000013  16.000032      366
 19.999933  16.800021      372
 19.999956  17.600009      372
 19.999939  18.399944      372
 20.000064  19.200006      372
 20.000086  20.000077      372
 20.799942 -20.799996      371
 20.799902 -19.999905      371
 20.799925 -19.200063      371
 20.799968 -18.400029      371
 20.799966 -17.600047      371
 20.799946 -16.799990      371
 20.799981 -16.000071      371
 20.799941 -15.199949      370
 20.800087 -14.399939      370
 20.799962 -13.599957      370
 20.799983 -12.800055      370
 20.800094 -11.999991      370
 20.800026 -11.199994      370
 20.799939 -10.400061      365
 20.799902  -9.600041      365
 20.799986  -8.800013      365
 20.800084  -7.999953      365
 20.799943  -7.199985      365
 20.800074  -6.399995      359
 20.799947  -5.600043      359
 20.799964  -4.800052      364
 20.800011  -4.000012      364
 20.799985  -3.199909      364
 20.799938  -2.400013      361
 20.799940  -1.599981      361
 20.799994  -0.800036      361
 20.800097  -0.000011      361
 20.799906   0.799943      361
 20.799980   1.599990      361
 20.800004   2.399988      358
 20.800080   3.199982      358
 20.800028   3.999976      358
 20.799945   4.799971      360
 20.800026   5.600090      360
 20.800096   6.399977      360
 20.799961   7.200056      360
 20.799976   7.999922      360
 20.799945   8.799996      360
 20.800066   9.599984      369
 20.800025  10.400072      369
 20.799910  11.200020      369
 20.800007  11.999930      369
 20.799963  12.800031      366
 20.800047  13.600061      366
 20.800091  14.400031      366
 20.799920  15.200055      372
 20.799953  16.000052      372
 20.800009  16.800041      372
 20.799999  17.599980      372
 20.799924  18.399901      372
 20.799964  19.199919      372
 20.799935  20.000045      372
 21.600001 -20.799939      371
 21.600093 -19.999983      371
 21.600085 -19.199929      371
 21.600037 -18.400009      371
 21.600058 -17.599978      371
 21.599977 -16.800087      371
 21.600005 -16.000069      371
 21.599994 -15.200048      370
 21.599981 -14.400027      370
 21.599925 -13.599976      370
 21.600040 -12.799942      370
 21.599916 -12.000068      370
 21.599995 -11.199980      370
 21.600065 -10.399952      365
 21.599964  -9.600003      365
 21.600078  -8.799905      365
 21.600021  -7.999916      365
 21.599961  -7.199998      365
 21.600024  -6.399940      365
 21.600045  -5.600091      364
 21.600017  -4.799937      364
 21.599957  -3.999994      364
 21.600051  -3.199974      364
 21.599971  -2.400018      361
 21.599998  -1.599963      361
 21.600025  -0.799995      361
 21.599925  -0.000002      361
 21.599901   0.799983      361
 21.599915   1.600059      367
 21.599991   2.399930      367
 21.600023   3.199945      367
 21.600081   4.000067      367
 21.600023   4.799987      367
 21.600056   5.599989      360
 21.600023   6.400095      360
 21.599953   7.199978      360
 21.599987   7.999956      360
 21.599932   8.799970      369
 21.599988   9.600033      369
 21.600019  10.400027      369
 21.600068  11.199993      369
 21.600083  12.000099      369
 21.599984  12.800009      369
 21.599916  13.600087      369
 21.600057  14.400077      372
 21.599906  15.200048      372
 21.600033  16.000091      372
 21.599979  16.799926      372
 21.599953  17.600068      372
 21.600080  18.400087      372
 21.600042  19.200035      372
 21.599939  20.000014      372
 22.400035 -19.999938      371
 22.399904 -19.199913      371
 22.399941 -18.400049      371
 22.400008 -17.600011      371
 22.400074 -16.799947      371
 22.400029 -16.000032      371
 22.399927 -15.199939      370
 22.400051 -14.399901      370
 22.400001 -13.600022      370
 22.400015 -12.800096      370
 22.400070 -12.000061      370
 22.400081 -11.200085      370
 22.400026 -10.400035      365
 22.399982  -9.600008      365
 22.399984  -8.800094      365
 22.400072  -8.000088      365
 22.400024  -7.199909      365
 22.400001  -6.400045      365
 22.399962  -5.600009      364
 22.399992  -4.800052      364
 22.399968  -4.000051      364
 22.399922  -3.199997      364
 22.400048  -2.399945      364
 22.399933  -1.599961      361
 22.400007  -0.800024      361
 22.399945  -0.000056      361
 22.399963   0.799979      361
 22.399913   1.600000      367
 22.399995   2.400075      367
 22.399989   3.200043      367
 22.400082   3.999928      367
 22.400056   4.800004      367
 22.400035   5.599973      367
 22.399920   6.399947      360
 22.399945   7.200042      360
 22.400011   8.000061      369
 22.400073   8.800039      369
 22.399952   9.599931      369
 22.399972  10.400053      369
 22.400089  11.200024      369
 22.400031  12.000084      369
 22.399915  12.799989      369
 22.400062  13.599986      369
 22.400022  14.399901      372
 22.400084  15.200024      372
 22.400092  15.999988      372
 22.400090  16.799991      372
 22.399982  17.599937      372
 22.399930  18.399987      372
 22.399951  19.199950      372
 22.399994  19.999912      372
 23.199949 -20.000029      371
 23.200010 -19.199989      371
 23.199940 -18.400042      371
 23.200023 -17.600031      371
 23.200010 -16.799965      371
 23.199985 -16.000059      371
 23.199971 -15.199986      370
 23.200059 -14.400000      370
 23.199975 -13.599938      370
 23.200020 -12.799947      370
 23.200097 -12.000067      370
 23.199935 -11.199930      370
 23.200063 -10.399906      365
 23.200044  -9.599969      365
 23.199970  -8.799932      365
 23.200048  -7.999990      365
 23.200005  -7.200081      365
 23.200061  -6.400028      364
 23.199965  -5.600090      364
 23.200075  -4.800066      364
 23.199951  -4.000083      364
 23.199934  -3.200086      364
 23.200082  -2.399926      364
 23.200014  -1.599914      361
 23.200083  -0.800008      361
 23.200052  -0.000080      361
 23.199923   0.799919      367
 23.200059   1.600021      367
 23.199965   2.400044      367
 23.200008   3.200093      367
 23.199906   3.999949      367
 23.200084   4.799983      367
 23.199953   5.599932      367
 23.200020   6.400064      367
 23.200086   7.199994      369
 23.199963   7.999993      369
 23.199959   8.799914      369
 23.200061   9.600009      369
 23.199966  10.400032      369
 23.200043  11.200043      369
 23.200047  12.000086      369
 23.199946  12.799922      369
 23.200005  13.600009      369
 23.200093  14.400052      372
 23.199914  15.200066      372
 23.200032  16.000077      372
 23.199926  16.800095      372
 23.199998  17.600077      372
 23.199925  18.399934      372
 23.200034  19.200070      372
 23.200001  19.999985      372
 23.999967 -18.399911      371
 23.999926 -17.600064      371
 23.999982 -16.799940      371
 24.000045 -15.999915      371
 24.000056 -15.200036      370
 24.000043 -14.400067      370
 24.000100 -13.600016      370
 23.999969 -12.800085      370
 24.000035 -11.999926      370
 24.000091 -11.200096      370
 23.999989 -10.400032      365
 23.999923  -9.600059      365
 23.999965  -8.800065      365
 24.000057  -8.000058      365
 23.999985  -7.199944      365
 24.000043  -6.400038      364
 24.000027  -5.599996      364
 23.999991  -4.800042      364
 24.000030  -4.000007      364
 24.000025  -3.200087      364
 24.000037  -2.400002      364
 24.000042  -1.600008      364
 24.000084  -0.800093      361
 23.999931  -0.000066      367
 24.000005   0.800000      367
 23.999967   1.600083      367
 23.999901   2.400049      367
 23.999907   3.200020      367
 24.000001   3.999967      367
 24.000046   4.799956      367
 24.000056   5.600034      367
 24.000042   6.400028      367
 24.000066   7.200098      369
 24.000083   8.000009      369
 23.999967   8.799906      369
 24.000078   9.600021      369
 24.000051  10.400022      369
 24.000030  11.199973      369
 24.000063  11.999918      369
 23.999934  12.799901      369
 23.999981  13.600048      369
 23.999919  14.399905      372
 24.000047  15.199967      372
 23.999980  16.000031      372
 23.999910  16.800006      372
 23.999901  17.600009      372
 24.000066  18.400052      372
 23.999936  19.200040      372
 24.000079  20.000074      372
 24.799942  -8.800040      365
 24.799965  -8.000036      365
 24.799915  -7.199929      365
 24.799983  -6.400025      364
 24.799964  -5.600055      364
 24.799962  -4.800072      364
 24.800040  -3.999904      364
 24.799986  -3.200063      364
 24.799955  -2.399994      364
 24.800054  -1.600037      364
 24.799983  -0.800030      367
 24.799945   0.000018      367
 24.799931   0.799997      367
 24.800071   1.600038      367
 24.799917   2.400017      367
 24.800097   3.199995      367
 24.800031   4.000087      367
 24.800010   4.800053      367
 24.799921   5.599965      367
 24.800057   6.400079      367
 24.800014   7.199919      369
 24.799987   8.000095      369
 24.800092   8.799985      369
 24.799945   9.600031      369
 24.800039  10.399972      369
 24.800055  11.199912      369
 24.799925  12.000015      369
 24.800030  12.799956      369
 24.799944  13.600064      369
 24.799906  14.400019      372
 24.799991  15.200094      372
 24.799986  16.000032      372
 24.799926  16.800047      372
 24.799961  17.600056      372
 24.800021  18.400060      372
 24.799924  19.200013      372
 24.800000  20.000055      372
 25.599973   0.000045      367
 25.600055   0.800071      367
 25.600010   1.600076      367
 25.600024   2.399969      367
 25.599944   3.200029      367
 25.600009   4.000020      367
 25.600050   4.800057      367
 25.600005   5.599978      367
 25.599929   6.400035      367
 25.600081   7.200064      369
 25.599981   7.999903      369
 25.600033   8.800010      369
 25.600053   9.600056      369
 25.600088  10.399978      369
 25.600065  11.199902      369
 25.599982  11.999984      369
 25.599926  12.799973      369
 25.600027  13.600021      369
 25.600072  14.400022      372
 25.599934  15.199907      372
 25.599972  16.000052      372
 25.599912  16.800090      372
 25.599951  17.599962      372
 25.600065  18.399935      372
 25.600048  19.200080      372
 25.600094  19.999967      372
 26.399939   8.800099      369
 26.399985   9.599970      369
 26.399939  10.400036      369
 26.400057  11.199926      369
 26.399970  12.000065      369
 26.400017  12.800034      369
