#ID		f_475		ivar_475	f_814		ivar_814	f_1600		ivar_1600	z
J0826_00	2.50851809275	63.5660925468	3.12576619129	40.9399221393	1.66482813428	144.31822486	0.603
J0826_01	5.43655673872	13.5335627674	7.21914291268	7.67518253077	4.26729336625	21.9662028651	0.603
J0826_02	3.48499778794	32.9347960034	5.10190542063	15.3672156059	5.04412025526	15.7213243396	0.603
J0826_03	1.40939769249	201.369123208	2.68163698402	55.6237184513	4.72790068597	17.8946538091	0.603
J0826_04	0.655273055192	931.569735807	1.43802641078	193.431084426	3.9206500255	26.0221896295	0.603
J0826_05	0.398331422664	2520.98845342	0.921255106608	471.302968213	2.94601058289	46.0883739607	0.603
J0826_06	0.297474383157	4520.23325501	0.773328078187	668.855701494	2.29862473576	75.7048737544	0.603
J0826_07	0.255810129731	6112.57942737	0.688775038495	843.150674756	1.77066783703	127.580938908	0.603
J0826_08	0.219289092779	8318.13433225	0.612189438188	1067.3044644	1.42036674446	198.270910246	0.603
J0826_09	0.184627983335	11734.5094587	0.560248356969	1274.37959253	1.20911901367	273.60365211	0.603
J0826_10	0.164890345681	14711.9260885	0.549698487014	1323.76504212	1.10934479609	325.032576473	0.603
J0826_11	0.144933975246	19042.3078935	0.545231296088	1345.54565717	1.07269376841	347.622978167	0.603
J0826_12	0.13038216149	23530.092705	0.502921970904	1581.46204611	1.01773123129	386.183564992	0.603
J0826_13	0.112665217545	31512.3123175	0.437670808833	2088.16507647	0.939040921113	453.618705589	0.603
J0826_14	0.0975606264472	42025.3008095	0.390511273677	2622.96707572	0.833065602664	576.370289316	0.603
J0826_15	0.0895872019894	49838.8537895	0.349709989348	3270.72413305	0.7225799009	766.104894509	0.603
J0826_16	0.0850740482476	55266.9875371	0.320620379734	3891.14794182	0.625478354488	1022.43432572	0.603
J0826_17	0.0820492116421	59417.0610169	0.298529529184	4488.336395	0.550208024248	1321.31434993	0.603
J0826_18	0.0822933337604	59065.063992	0.270598666939	5462.71679371	0.496812294404	1620.59808775	0.603
J0826_19	0.080319915579	62003.1144173	0.253800131072	6209.78132931	0.458873637108	1899.65080532	0.603
J0826_20	0.0765990313349	68173.161723	0.23429510546	7286.7447913	0.429536867592	2167.99911163	0.603
J0826_21	0.074354642473	72350.8790225	0.209920366785	9077.17771591	0.401347031511	2483.24678021	0.603
J0826_22	0.0714090108706	78442.9569816	0.191442599081	10913.9718131	0.370622926023	2912.0272217	0.603
J0826_23	0.0631199306278	100398.440184	0.178252072328	12588.987901	0.336930819842	3523.53438417	0.603
J0826_24	0.0590354587364	114771.512974	0.161200655899	15393.1103317	0.305254014614	4292.76606905	0.603
J0826_25	0.0595642440309	112742.775703	0.15691511883	16245.4000781	0.278027803101	5174.6804394	0.603
J0826_26	0.0579065302288	119290.238239	0.153193760687	17044.2476626	0.258772910806	5973.41061404	0.603
J0826_27	0.057081775554	122762.307819	0.147338905472	18425.7473835	0.244935503968	6667.39995799	0.603
J0826_28	0.0527804490387	143586.572866	0.138447770457	20868.3474374	0.232320510945	7411.13770672	0.603
J0826_29	0.0519466745573	148232.860617	0.132483063239	22789.73467	0.221826434618	8128.93018227	0.603
J0826_30	0.0533075335649	140761.152253	0.138013879093	20999.766521	0.212839246258	8829.91589237	0.603
J0826_31	0.0552190271708	131184.489345	0.136730194701	21395.927956	0.203218164064	9685.78767098	0.603
J0826_32	0.0553346932532	130636.632788	0.131482381545	23137.9494317	0.192605883916	10782.5353548	0.603
J0826_33	0.0557663902907	128621.900841	0.131344567144	23186.5302848	0.183252205186	11911.3660818	0.603
J0826_34	0.0519433084621	148252.073181	0.136695342996	21406.8395146	0.174598610523	13121.3471251	0.603
J0826_35	0.0443544717732	203322.372321	0.131320762634	23194.9370896	0.166868421064	14365.2000422	0.603
J0826_36	0.0495903598308	162654.271243	0.131783877869	23032.200126	0.161239736053	15385.6494881	0.603
J0826_37	0.0490601524505	166188.973189	0.127811668505	24486.0641333	0.158109920187	16000.8020488	0.603
J0826_38	0.047723466366	175628.919544	0.127020651113	24791.9862344	0.155897344026	16458.2084561	0.603
J0826_39	0.0515453683678	150549.977878	0.139499494129	20554.8695966	0.153710317704	16929.8827714	0.603
J0901_00	3.36142609231	35.4007821589	4.54404240088	19.3720348203	2.09591778204	91.056616098	0.459
J0901_01	5.80035528953	11.8891497934	8.28328329562	5.8298175272	5.09373962711	15.4165255832	0.459
J0901_02	3.27128292476	37.3786642751	4.82202854806	17.2028513608	5.78821365626	11.9390806035	0.459
J0901_03	1.3695075781	213.270659461	2.57450502737	60.349336941	5.02210741398	15.8594454254	0.459
J0901_04	0.683301749286	856.712150168	1.45171310046	189.800957658	4.02962914178	24.6337105494	0.459
J0901_05	0.461302483166	1879.69941617	1.13876313321	308.455979787	3.32215817915	36.2426026525	0.459
J0901_06	0.359436539389	3096.10401651	1.02948328363	377.41694345	2.66095716623	56.4916453391	0.459
J0901_07	0.310182972879	4157.42174453	0.906859700419	486.384566165	2.00776508616	99.2279903286	0.459
J0901_08	0.27027210625	5475.92560245	0.789824729582	641.207415663	1.58197774339	159.830350915	0.459
J0901_09	0.23379892963	7317.70595201	0.720605050036	770.309738915	1.37131294852	212.709475978	0.459
J0901_10	0.207403918144	9298.78225629	0.678121129661	869.852142861	1.24771480186	256.938590212	0.459
J0901_11	0.182818865703	11967.9005384	0.625031512205	1023.89674862	1.18739202019	283.708102713	0.459
J0901_12	0.15843018606	15936.1763436	0.5694071657	1233.7129825	1.13129378463	312.542577298	0.459
J0901_13	0.137509303461	21154.1620504	0.523523481606	1459.4447533	1.06256809152	354.279849204	0.459
J0901_14	0.123452479577	26245.8327371	0.482061732422	1721.29250197	0.971898796937	423.465371675	0.459
J0901_15	0.116159477388	29644.9479712	0.437585456108	2088.97976515	0.884095442045	511.754521169	0.459
J0901_16	0.110609054057	32694.7962267	0.416363211984	2307.35963577	0.808258473769	612.293231244	0.459
J0901_17	0.105623423042	35854.156958	0.397652510377	2529.60397094	0.757013367295	697.995937127	0.459
J0901_18	0.0976627423007	41937.4637123	0.378160794171	2797.09352967	0.727509374436	755.758087961	0.459
J0901_19	0.0954514716877	43903.0541886	0.354883756644	3176.05304963	0.708375983764	797.135836139	0.459
J0901_20	0.0961592944037	43259.0975846	0.325353571973	3778.75585514	0.695233821185	827.55755722	0.459
J0901_21	0.0949830309776	44337.1673492	0.312908462896	4085.3133473	0.677732328629	870.850461535	0.459
J0901_22	0.0916930609504	47575.9040536	0.315313620502	4023.22692288	0.655160396752	931.890140449	0.459
J0901_23	0.0839281020497	56786.5111286	0.299175367802	4468.979105	0.631821090651	1002.00930272	0.459
J0901_24	0.0811456425858	60747.6642336	0.300197138321	4438.60906154	0.615252353573	1056.70417642	0.459
J0901_25	0.0801008743246	62342.6814816	0.291679560259	4701.62512141	0.60600150306	1089.21242953	0.459
J0901_26	0.0820566287735	59406.3200387	0.285240160617	4916.30306047	0.601513141943	1105.52801062	0.459
J0901_27	0.0806930761495	61430.9805861	0.300196347315	4438.63245268	0.599370186249	1113.44743261	0.459
J0901_28	0.0873314597954	52446.7464686	0.305730453774	4279.39711467	0.600897397805	1107.79485739	0.459
J0901_29	0.087772962602	51920.453436	0.311562887711	4120.67678041	0.608095155024	1081.7250947	0.459
J0901_30	0.0872529095421	52541.2203295	0.312093910584	4106.6661767	0.614272097203	1060.07944774	0.459
J0901_31	0.0865702422022	53373.136635	0.315945814233	4007.1424296	0.620193667363	1039.93294398	0.459
J0901_32	0.0837570371512	57018.7089041	0.316295175489	3998.29520539	0.623300877391	1029.59047197	0.459
J0901_33	0.0871279941891	52691.9849597	0.308872272001	4192.78068441	0.633746576971	995.929824477	0.459
J0901_34	0.089585257593	49841.0172602	0.330976109282	3651.4612697	0.649267290285	948.883606359	0.459
J0901_35	0.080459545432	61788.1001866	0.340277040993	3454.57555974	0.674196125474	880.009755497	0.459
J0901_36	0.0782535204757	65320.9093236	0.331828462944	3632.72665547	0.701450024073	812.955029788	0.459
J0901_37	0.0705580407343	80346.5005141	0.341084932446	3438.22997232	0.742018204522	726.492057609	0.459
J0901_38	0.0702612084676	81026.8136683	0.365493220568	2994.34157144	0.794874255627	633.086610887	0.459
J0901_39	0.0762672388798	68767.6120411	0.3714514323	2899.05140851	0.86830049415	530.542152385	0.459
J0905_00	4.36814745001	20.963578139	6.71708312749	8.86540428683	1.66274618171	144.679857693	0.712
J0905_01	5.11984906894	15.2596887215	6.87308661877	8.46752245378	4.05373221977	24.3416423854	0.712
J0905_02	2.42944388778	67.771367014	3.74854612248	28.4665131381	4.35439891265	21.0961675284	0.712
J0905_03	0.875921900328	521.349812141	1.72326270914	134.696717129	3.10846474828	41.3969264873	0.712
J0905_04	0.450763188978	1968.6254983	0.836292435107	571.931023441	2.49698165952	64.1548193549	0.712
J0905_05	0.31534516535	4022.42205412	0.714609923023	783.288781241	2.02897264034	97.1644976484	0.712
J0905_06	0.256751132986	6067.8558346	0.635210822433	991.343614974	1.43249188859	194.928638028	0.712
J0905_07	0.21129877723	8959.13382199	0.467791914417	1827.90899273	0.930907824509	461.579624997	0.712
J0905_08	0.15970655714	15682.4711148	0.339826362688	3463.74456376	0.646878674022	955.904098747	0.712
J0905_09	0.122671557955	26581.0559415	0.292993922114	4659.53704092	0.506615952423	1558.48371897	0.712
J0905_10	0.101696474148	38676.5920119	0.271648720082	5420.5663543	0.440803201874	2058.59308888	0.712
J0905_11	0.0875311675441	52207.6985181	0.24213650246	6822.43586002	0.427384824382	2189.88746188	0.712
J0905_12	0.0754318973965	70299.1262728	0.221401011752	8160.19973481	0.422743462814	2238.23761624	0.712
J0905_13	0.0667353732175	89814.7786951	0.199953810002	10004.6206004	0.397487405132	2531.70586206	0.712
J0905_14	0.0601726278687	110474.497382	0.182388300308	12024.4726555	0.349754261488	3269.89616435	0.712
J0905_15	0.0586828044794	116155.096435	0.172053322495	13512.4426608	0.298730408162	4482.30212955	0.712
J0905_16	0.0532834285063	140888.539826	0.162237247199	15197.0346575	0.26180098712	5836.02887351	0.712
J0905_17	0.0556428842842	129193.517769	0.141016732694	20114.9378617	0.242009895468	6829.57601454	0.712
J0905_18	0.0561311194578	126955.810938	0.140490854917	20265.8059919	0.236225564332	7168.13541314	0.712
J0905_19	0.0628364564184	101306.338775	0.14033784597	20310.0212929	0.240896977528	6892.82558359	0.712
J0905_20	0.0580317603022	118775.947215	0.144220593761	19231.1578621	0.247027071082	6554.97278755	0.712
J0905_21	0.0535806129625	139329.999664	0.142063497716	19819.6045526	0.249167234972	6442.85156207	0.712
J0905_22	0.0552017618945	131266.562474	0.128598557004	24187.3227892	0.242536082675	6799.97433834	0.712
J0905_23	0.0510518279996	153474.913255	0.123034119582	26424.6266323	0.228875815849	7635.89909124	0.712
J0905_24	0.0590399055088	114754.224885	0.122921155516	26473.2172085	0.214339194018	8706.764638	0.712
J0905_25	0.0528793071711	143050.203059	0.12404813468	25994.3830909	0.203739801933	9636.25384763	0.712
J0905_26	0.0497648439796	161515.682787	0.123559683107	26200.3093872	0.195042617914	10514.7985425	0.712
J0905_27	0.0480158180653	173496.742986	0.114724344829	30391.2679038	0.191493242955	10908.1997794	0.712
J0905_28	0.0531751830394	141462.720006	0.110927946105	32507.0865544	0.18910558685	11185.3936278	0.712
J0905_29	0.056505634585	125278.480757	0.109290780435	33488.2872999	0.185441240788	11631.8111451	0.712
J0905_30	0.0517399279794	149419.869104	0.0984652340739	41256.6685473	0.180666934599	12254.6987455	0.712
J0905_31	0.0479374002453	174064.83238	0.105891668836	35672.7348492	0.174273318079	13170.3765304	0.712
J0905_32	0.0465824113898	184338.503853	0.102186661715	38306.420177	0.166270546604	14468.6943506	0.712
J0905_33	0.0516879656639	149720.446036	0.103912219053	37044.7572038	0.159862190547	15651.9507231	0.712
J0905_34	0.0470477568773	180709.983824	0.105981147965	35612.5238051	0.154233593403	16815.1999987	0.712
J0905_35	0.0462423951993	187059.319188	0.0934690475704	45785.1199848	0.143816935875	19339.2633869	0.712
J0905_36	0.0422172711755	224429.362123	0.097135990583	42393.5362298	0.133766755568	22354.4301781	0.712
J0905_37	0.0418438090797	228453.369315	0.0895769838667	49850.2247588	0.125011799699	25595.1675276	0.712
J0905_38	0.0457449364833	191149.837652	0.0854371525813	54798.2209952	0.11607653206	29687.3301552	0.712
J0905_39	0.0400632372746	249211.404633	0.0783247668782	65202.127913	0.108085623913	34239.2405917	0.712
J0944_00	2.08773305753	91.7719701953	3.96513581508	25.4415669656	2.40201149915	69.3281844248	0.514
J0944_01	4.01371628329	24.8294243335	7.25647778206	7.59640745966	5.48277959715	13.3063338456	0.514
J0944_02	2.68416266016	55.5190888739	4.77053518696	17.576232317	6.09203184021	10.7779375356	0.514
J0944_03	1.12060341153	318.534231368	2.49147656409	64.4386418836	5.17778115787	14.9201300899	0.514
J0944_04	0.443109809991	2037.21685839	1.30388105898	235.279472748	4.03240006185	24.5998673842	0.514
J0944_05	0.265103986704	5691.50961274	0.858179360988	543.130085243	3.19132936484	39.2750489133	0.514
J0944_06	0.198503545881	10151.3418568	0.714965495631	782.509871546	2.39198803602	69.9104318886	0.514
J0944_07	0.165388763628	14623.3875579	0.604962453051	1092.95718457	1.67078734258	143.290579249	0.514
J0944_08	0.141476254058	19984.4815881	0.499359776593	1604.10531308	1.18944785132	282.728233103	0.514
J0944_09	0.119009818179	28241.9323213	0.435876261084	2105.39485614	0.946150523181	446.827119019	0.514
J0944_10	0.105953150755	35631.3468987	0.405515978311	2432.45071199	0.835480022841	573.04384403	0.514
J0944_11	0.0894820073622	49956.1033124	0.37114197226	2903.88791125	0.783733731093	651.212778279	0.514
J0944_12	0.0799777267572	62534.8164814	0.337362215759	3514.5288322	0.749003978323	713.003632477	0.514
J0944_13	0.0722096662501	76713.0616403	0.303018996775	4356.32506851	0.695224455484	827.579854216	0.514
J0944_14	0.0688800036316	84308.9476888	0.27503641718	5287.85560533	0.62156151697	1035.36088913	0.514
J0944_15	0.0650784889934	94446.3262819	0.256913980664	6060.1659217	0.539134971931	1376.14749304	0.514
J0944_16	0.0623497110768	102894.248751	0.234100569597	7298.86028649	0.474605977195	1775.79808974	0.514
J0944_17	0.0594068277054	113341.059366	0.22502530322	7899.45774159	0.433375492868	2129.76308008	0.514
J0944_18	0.0631803504705	100206.508439	0.211256579129	8962.7133194	0.408439041474	2397.75880621	0.514
J0944_19	0.0566912535386	124459.4482	0.194439309596	10580.1506262	0.396212598591	2548.02350219	0.514
J0944_20	0.0603639915343	109775.163413	0.181830638021	12098.3422497	0.386879362277	2672.44554589	0.514
J0944_21	0.0601861945808	110424.698361	0.169839655524	13866.9768561	0.372133858382	2888.42848749	0.514
J0944_22	0.0547278645436	133549.721387	0.158449527314	15932.2860598	0.349337918003	3277.69498124	0.514
J0944_23	0.0525208292773	145009.629126	0.160726608124	15484.0452526	0.321900230166	3860.26764607	0.514
J0944_24	0.0524930208852	145163.308708	0.145828354548	18809.4475615	0.295278421324	4587.71648021	0.514
J0944_25	0.0517991668271	149078.303784	0.123596378674	26184.754037	0.27012467002	5481.90484273	0.514
J0944_26	0.0552477433937	131048.152771	0.121043631177	27300.8459368	0.247663580904	6521.32276102	0.514
J0944_27	0.0462300049937	187159.600986	0.119566297867	27979.6595992	0.234514695815	7273.10513657	0.514
J0944_28	0.0426829291543	219559.159753	0.118912916476	28287.9795713	0.225924297408	7836.71604043	0.514
J0944_29	0.0416134993167	230989.115699	0.103375615264	37430.3403893	0.217625177727	8445.8179068	0.514
J0944_30	0.0433495104015	212858.794219	0.0938192019368	45443.9970143	0.209485449822	9114.9074641	0.514
J0944_31	0.0402081137968	247418.739808	0.0981953253977	41483.7839792	0.201661304376	9835.91682183	0.514
J0944_32	0.0464868851043	185096.879688	0.0949196149591	44396.4306716	0.19133237493	10926.5502362	0.514
J0944_33	0.041334732421	234115.264069	0.105645016975	35839.5012141	0.179280645504	12444.9505963	0.514
J0944_34	0.0397179009558	253563.895007	0.102357343968	38178.7737462	0.169732652145	13884.4664915	0.514
J0944_35	0.042077229884	225925.738162	0.0918725042913	47390.2371465	0.162506730458	15146.6742721	0.514
J0944_36	0.0464298422441	185551.9724	0.0965566488752	42903.7864349	0.155758386013	16487.5875496	0.514
J0944_37	0.0377052307895	281356.390962	0.0959875294655	43414.0561386	0.151386039057	17453.7334525	0.514
J0944_38	0.0461528819766	187785.623569	0.083144034988	57862.5804021	0.145349492125	18933.589377	0.514
J0944_39	0.0461882794318	187497.906158	0.0935542297565	45701.7822011	0.137581280599	21132.033782	0.514
J1107_00	3.90420916497	26.2418131053	5.30044102411	14.237573465	1.72406678308	134.571106143	0.467
J1107_01	4.81973668105	17.2192157492	6.21129025611	10.3680323207	3.98335394506	25.2093817962	0.467
J1107_02	2.19629776641	82.9234860981	3.579468052	31.2192891577	4.21902340602	22.4717100124	0.467
J1107_03	1.00009732382	399.922152308	2.02695531647	97.357999498	3.68011114513	29.5350779116	0.467
J1107_04	0.628176061498	1013.67147784	1.21306800445	271.825186851	3.24577256755	37.9685332658	0.467
J1107_05	0.42530822035	2211.32429646	1.03415188546	374.016993738	2.8216653886	50.2399234851	0.467
J1107_06	0.330947880615	3652.08420936	0.960401921114	433.66457895	2.27309509094	77.4149403024	0.467
J1107_07	0.290988379912	4723.98704753	0.837594223553	570.154615244	1.82642820707	119.909827968	0.467
J1107_08	0.245606509889	6631.01856505	0.750557461792	710.055175813	1.55186441353	166.093425797	0.467
J1107_09	0.205313167064	9489.12978871	0.702614208448	810.263238342	1.39460251595	205.664390389	0.467
J1107_10	0.179996843873	12346.1119629	0.664227062155	906.623265803	1.28327820855	242.894875455	0.467
J1107_11	0.158329182721	15956.5152402	0.602269343	1102.75358212	1.20226888423	276.730339992	0.467
J1107_12	0.142595726584	19671.9300036	0.546601910654	1338.80615543	1.12749703821	314.651040263	0.467
J1107_13	0.128328477025	24289.2391519	0.498390015548	1610.35388238	1.03797177842	371.269181158	0.467
J1107_14	0.114306414938	30613.9087579	0.443189169824	2036.48733373	0.939012210174	453.646445416	0.467
J1107_15	0.103162711703	37584.9946392	0.408902667649	2392.32458623	0.849282015324	554.569698887	0.467
J1107_16	0.0983830163673	41325.6529338	0.395942464467	2551.50149689	0.777020839475	662.513386832	0.467
J1107_17	0.0933432477935	45908.6134192	0.369353346318	2932.08067263	0.725347736082	760.269330994	0.467
J1107_18	0.095226514389	44110.7269809	0.352578523948	3217.72022858	0.69107875568	837.538743521	0.467
J1107_19	0.0930266016796	46221.6749326	0.348147964305	3300.13929339	0.672026518782	885.701069767	0.467
J1107_20	0.0913359583491	47948.6530099	0.330252299454	3667.48453331	0.66296290892	910.084103309	0.467
J1107_21	0.0857287371278	54426.0904388	0.315132181386	4027.86104737	0.650952257619	943.977659438	0.467
J1107_22	0.0825632720387	58679.4722588	0.291322190456	4713.1673209	0.632726810825	999.142692764	0.467
J1107_23	0.0898503618884	49547.338418	0.291086671245	4720.79728562	0.60996069558	1075.11838689	0.467
J1107_24	0.0904041777209	48942.1440086	0.277005982105	5212.92762477	0.585961405085	1164.989384	0.467
J1107_25	0.0804792195143	61757.8942381	0.280891678613	5069.69981006	0.560499829357	1273.23632942	0.467
J1107_26	0.0752761978382	70590.2372211	0.275164502897	5282.93388664	0.533570209762	1405.00167867	0.467
J1107_27	0.0769670537797	67522.7725094	0.271769561922	5415.74693613	0.512711849815	1521.64478301	0.467
J1107_28	0.0784941167553	64921.0861901	0.258086238524	6005.23898411	0.497453857639	1616.42063219	0.467
J1107_29	0.0761419700962	68994.0711499	0.247367816496	6536.92647424	0.483391030706	1711.83860261	0.467
J1107_30	0.0735491378033	73944.3199826	0.249200373362	6441.13814944	0.468815080688	1819.93905305	0.467
J1107_31	0.0722097579849	76712.8667289	0.232077140248	7426.68942766	0.448971428833	1984.36967659	0.467
J1107_32	0.0710191428414	79306.5648113	0.220724134095	8210.32498349	0.425555174921	2208.75852722	0.467
J1107_33	0.0696282411058	82506.6857937	0.226575121478	7791.75966393	0.401829689767	2477.28485273	0.467
J1107_34	0.0693716563776	83118.1489554	0.219821619939	8277.88108538	0.380546063578	2762.13895931	0.467
J1107_35	0.0613319745147	106337.414898	0.209423230736	9120.32429827	0.3592193484	3099.84907749	0.467
J1107_36	0.053102018168	141852.808079	0.195405274557	10475.805501	0.336915616264	3523.85239578	0.467
J1107_37	0.0510156034929	153692.945639	0.191831511202	10869.7635049	0.318904770159	3933.12691406	0.467
J1107_38	0.0492481108997	164922.853012	0.173221601804	13330.7901156	0.304484176724	4314.50060873	0.467
J1107_39	0.0530029283697	142383.695926	0.171215816481	13644.9588069	0.28932747607	4778.37945329	0.467
J1219_00	1.06074861641	355.496265981	2.24827446719	79.1336749172	1.98394077123	101.625474471	0.451
J1219_01	3.18091402775	39.5326683095	6.93576226739	8.31517883288	5.34507435751	14.0007882996	0.451
J1219_02	3.45931092966	33.4257217271	7.26890883953	7.57044740623	7.01065996493	8.13845909281	0.451
J1219_03	1.90679555152	110.014956455	4.12571971779	23.4996043278	6.93579496297	8.31510043698	0.451
J1219_04	0.90759134616	485.600694082	2.45000242761	66.6387683987	5.73281291261	12.170949299	0.451
J1219_05	0.535837876551	1393.13490312	1.65691928859	145.699239174	4.70298715704	18.0847456795	0.451
J1219_06	0.387289433504	2666.78924468	1.41353041216	200.193364157	3.94761124823	25.6679530232	0.451
J1219_07	0.322169270807	3853.82298901	1.30041876089	236.533979558	3.17977979285	39.5608761302	0.451
J1219_08	0.28259258701	5008.85501496	1.17157399158	291.42080088	2.5489699173	61.5645304297	0.451
J1219_09	0.247713740892	6518.68200036	1.03404056355	374.097529318	2.19512186764	83.0123520005	0.451
J1219_10	0.213608100362	8766.4660592	0.933273838649	459.242219756	1.95812757131	104.322509676	0.451
J1219_11	0.191513680598	10905.8717368	0.871310653733	526.882704651	1.81758521339	121.079447199	0.451
J1219_12	0.174585864274	13123.2631343	0.812433124222	606.016916527	1.71925458541	135.325490121	0.451
J1219_13	0.161931067005	15254.5582703	0.769909294848	674.80899945	1.61430260583	153.493537677	0.451
J1219_14	0.151908709871	17333.8342956	0.720675716319	770.158679969	1.50390897748	176.854814745	0.451
J1219_15	0.138925280415	20725.1378179	0.664781218032	905.112389157	1.37812704588	210.611208224	0.451
J1219_16	0.127231539571	24709.8680626	0.61685993335	1051.20366435	1.2480085611	256.817646807	0.451
J1219_17	0.11818176441	28639.0793154	0.569152668541	1234.81654104	1.13867339412	308.504600665	0.451
J1219_18	0.110300890931	32877.7395369	0.517585657971	1493.1227884	1.06424218547	353.166134156	0.451
J1219_19	0.104575104982	36576.6033638	0.484510366278	1703.9382206	1.00787020827	393.777389231	0.451
J1219_20	0.104775327133	36436.9435993	0.456770853254	1917.1814759	0.957626385176	436.182044934	0.451
J1219_21	0.0945895763606	44706.7840715	0.434294596846	2120.75812161	0.912437030847	480.456624865	0.451
J1219_22	0.0893717617805	50079.4272	0.41759747713	2293.74037288	0.870369736965	528.022497818	0.451
J1219_23	0.0892856203491	50176.1055795	0.401825594464	2477.3353487	0.826933114416	584.950645089	0.451
J1219_24	0.0893263800609	50130.3252178	0.383071244747	2725.84329718	0.782217935037	653.739087464	0.451
J1219_25	0.0818631933923	59687.3953333	0.352495598906	3219.23435229	0.744922536284	720.838152316	0.451
J1219_26	0.0845306284256	55979.8584534	0.349302552837	3278.35871584	0.715094574226	782.227402172	0.451
J1219_27	0.0814491698597	60295.7451657	0.344617106897	3368.11046701	0.691432634045	836.681650638	0.451
J1219_28	0.0763397113524	68637.1060922	0.341474527797	3430.3889525	0.670325512973	890.201850877	0.451
J1219_29	0.07645646157	68427.6462606	0.331947181963	3630.12867212	0.645375183053	960.363108912	0.451
J1219_30	0.0827709789276	58385.3392613	0.324163435898	3806.55349518	0.621673285459	1034.98863469	0.451
J1219_31	0.0777998547155	66084.9277252	0.318331516264	3947.30528051	0.600750311158	1108.33738487	0.451
J1219_32	0.0721196423999	76904.6964066	0.308271588836	4209.13630464	0.581169218995	1184.28105728	0.451
J1219_33	0.0725806579252	75930.8374914	0.322398014298	3848.35630401	0.561977194796	1266.55078108	0.451
J1219_34	0.0732020145467	74647.2692535	0.316159123285	4001.73710461	0.545036033085	1346.50993231	0.451
J1219_35	0.0716081189123	78007.3385123	0.313181405955	4078.19560657	0.52828147038	1433.27404192	0.451
J1219_36	0.0700508491349	81514.1835986	0.316907164783	3982.86765135	0.517372220628	1494.35499177	0.451
J1219_37	0.073223584401	74603.2972578	0.309248456476	4182.58629448	0.509252671898	1542.38700929	0.451
J1219_38	0.0758204205438	69580.5109281	0.293488762357	4643.83775061	0.502972086163	1581.14691359	0.451
J1219_39	0.0726882531173	75706.2139486	0.295087649447	4593.65024391	0.491818843972	1653.67310057	0.451
J1341_00	0.702884892222	809.639287303	0.808678678483	611.657078313	0.737797402693	734.828086135	0.658
J1341_01	2.96079344192	45.6292962965	3.3204070268	36.2808407686	2.21089185325	81.8323442428	0.658
J1341_02	6.19343564117	10.4278970117	7.60782347845	6.91097205365	3.61566581712	30.5973225344	0.658
J1341_03	6.49492652317	9.48225230203	7.8178461955	6.54463977079	4.10139308278	23.7791979443	0.658
J1341_04	3.62757206752	30.3968018922	4.02456848786	24.6957003315	3.81571096416	27.47318758	0.658
J1341_05	1.52378990289	172.270061349	2.12153648252	88.870778078	3.08806468216	41.9456775989	0.658
J1341_06	0.752487913999	706.416660681	1.16365609894	295.400136176	2.44486990214	66.9188521637	0.658
J1341_07	0.479158586633	1742.21376574	0.810185568701	609.38391287	1.93765701515	106.538402716	0.658
J1341_08	0.365023742161	3002.04892073	0.678496241146	868.890600813	1.47176839336	184.663493403	0.658
J1341_09	0.302043003903	4384.52377862	0.56551624812	1250.74799855	1.13060824568	312.921709624	0.658
J1341_10	0.241828294908	6839.83718361	0.472903622299	1788.60611059	0.935663864007	456.899073338	0.658
J1341_11	0.196267023135	10384.0153283	0.420101841835	2266.47441092	0.808720470561	611.593862996	0.658
J1341_12	0.167074231293	14329.8303255	0.388203609424	2654.24405476	0.728379558656	753.95338075	0.658
J1341_13	0.147676505522	18341.5982781	0.351514142107	3237.23619011	0.66361132185	908.30649047	0.658
J1341_14	0.13096234811	23322.0694815	0.322939246955	3835.46774533	0.61071188499	1072.47517371	0.658
J1341_15	0.122941893906	26464.2867198	0.296876302291	4538.46433759	0.567804859428	1240.68571333	0.658
J1341_16	0.115978644646	29737.4642525	0.284282195693	4949.492484	0.522378069338	1465.85198494	0.658
J1341_17	0.111971723816	31903.8623451	0.263359260991	5767.17064026	0.479623794226	1738.83570978	0.658
J1341_18	0.109911506978	33111.1043866	0.229757824619	7577.38528226	0.440741112868	2059.17313461	0.658
J1341_19	0.111851959389	31972.2204394	0.218909865076	8346.97907429	0.408481760991	2397.2573114	0.658
J1341_20	0.106038769534	35573.8305622	0.201428978738	9858.61915087	0.386477098268	2678.01166163	0.658
J1341_21	0.0995233409034	40384.0711556	0.181289204116	12170.7153889	0.371107664782	2904.42484264	0.658
J1341_22	0.0933542766746	45897.7667661	0.170828851217	13706.8465427	0.356470133992	3147.84755891	0.658
J1341_23	0.0930692546241	46179.3185437	0.169991141634	13842.2729995	0.340267554458	3454.76818704	0.658
J1341_24	0.0914557722686	47823.1026422	0.164950703427	14701.1614635	0.324332969789	3802.57504574	0.658
J1341_25	0.0869466795885	52911.976978	0.153664037513	16940.0821154	0.309372209867	4179.24077285	0.658
J1341_26	0.0806053430861	61564.7796858	0.148781885854	18070.0715793	0.293913407372	4630.42864477	0.658
J1341_27	0.0796007739432	63128.4913559	0.150054106117	17764.9595599	0.278031350449	5174.54839475	0.658
J1341_28	0.0720693071115	77012.158849	0.139715331266	20491.4108864	0.264058342199	5736.67447264	0.658
J1341_29	0.0742914636575	72473.9883614	0.148063252572	18245.9054633	0.251009306315	6348.63478497	0.658
J1341_30	0.0755987823855	69989.0969459	0.131820027574	23019.5693732	0.239327641065	6983.51822578	0.658
J1341_31	0.0734280616612	74188.3758393	0.136008000919	21623.7532398	0.229807210042	7574.12888166	0.658
J1341_32	0.0722217948926	76687.2980277	0.129806649538	23739.2017031	0.219436582089	8306.95640021	0.658
J1341_33	0.0703188432176	80894.0456609	0.119925640407	27812.2355404	0.209110342167	9147.63791777	0.658
J1341_34	0.0668215229249	89583.340417	0.115664404288	29899.2669344	0.199427380982	10057.5087634	0.658
J1341_35	0.0608626067536	107983.87118	0.118666837333	28405.42265	0.192318177248	10814.8206833	0.658
J1341_36	0.0588757395462	115395.066168	0.116927974552	29256.5517445	0.186330666817	11521.0301988	0.658
J1341_37	0.0614559611609	105908.778864	0.121205373173	27228.0315567	0.177086264785	12755.287035	0.658
J1341_38	0.058392392363	117313.354573	0.105031634687	36259.3272289	0.167687245508	14225.2507182	0.658
J1341_39	0.0535652619962	139409.870705	0.101737059351	38645.7402407	0.159496378278	15723.8299937	0.658
J1506_00	1.08401726182	340.398466929	1.32038985784	229.432866825	1.29487963547	238.561957533	0.608
J1506_01	3.94796344417	25.6633735757	5.34407371189	14.0060319171	3.62529694495	30.4349660212	0.608
J1506_02	6.34070144625	9.94913632635	8.59677945815	5.41238174224	5.1394495949	15.1435176886	0.608
J1506_03	4.59829749552	18.9175922587	5.59081964059	12.7970252532	5.25608779817	14.4788733452	0.608
J1506_04	1.98345090395	101.675679033	2.74878078874	52.9394929786	4.49656386896	19.7832873149	0.608
J1506_05	0.786619352149	646.443745907	1.52745970859	171.443279202	3.20390508227	38.9673353124	0.608
J1506_06	0.429351821137	2169.86828736	0.950626782486	442.629036087	2.51549973154	63.21373343	0.608
J1506_07	0.320310295905	3898.68542093	0.78958838389	641.591335422	2.01644603798	98.3754614683	0.608
J1506_08	0.259157750063	5955.68321763	0.695366243045	827.242395886	1.55987381834	164.392141846	0.608
J1506_09	0.213808894779	8750.00808265	0.586461130967	1163.00484563	1.21633035491	270.369003866	0.608
J1506_10	0.176332554331	12864.5616913	0.512536658772	1522.68519287	1.03699749588	371.967140418	0.608
J1506_11	0.149587272209	17876.0148159	0.473566596978	1783.60165913	0.97248450063	422.955439553	0.608
J1506_12	0.133635653548	22398.3129065	0.451772973975	1959.83494649	0.943879130826	448.980235541	0.608
J1506_13	0.119784517554	27877.8075221	0.436390064609	2100.44001158	0.922161822798	470.376605983	0.608
J1506_14	0.109333730017	33461.982052	0.416735947146	2303.23400437	0.900841971188	492.904481608	0.608
J1506_15	0.104454137493	36661.3705546	0.408807086754	2393.44338901	0.865485013184	533.999545438	0.608
J1506_16	0.100002162306	39998.2702115	0.393506314423	2583.19136317	0.816803694068	599.54889224	0.608
J1506_17	0.106896733276	35005.0840088	0.372849830211	2877.34602121	0.777472124192	661.744496513	0.608
J1506_18	0.108937393877	33705.9078078	0.366823470038	2972.66357518	0.750299944637	710.542668233	0.608
J1506_19	0.110229339643	32920.4361206	0.355824953471	3159.27323968	0.73147517257	747.585399961	0.608
J1506_20	0.110926539067	32507.9112262	0.349312695114	3278.16834462	0.719271324066	773.169117827	0.608
J1506_21	0.10949638051	33362.6442377	0.334368470243	3577.7447638	0.708042188353	797.887607738	0.608
J1506_22	0.110806772987	32578.2218955	0.328957071344	3696.42193091	0.696711919441	824.049898442	0.608
J1506_23	0.106774366434	35085.3638782	0.332365898992	3620.98790741	0.681084967987	862.29804388	0.608
J1506_24	0.10613236242	35511.1166194	0.325714347379	3770.38946188	0.657974379227	923.936289611	0.608
J1506_25	0.10671237841	35126.137106	0.321351770597	3873.45573256	0.630629517645	1005.79946859	0.608
J1506_26	0.107874746776	34373.2354415	0.312350880725	4099.91187211	0.603195450734	1099.36998689	0.608
J1506_27	0.107181668006	34819.2144187	0.296755239753	4542.16806384	0.576948000945	1201.67394697	0.608
J1506_28	0.102585211054	38009.3531489	0.271420773126	5429.67487192	0.552503904813	1310.35595842	0.608
J1506_29	0.0974037364243	42160.7917191	0.26427268282	5727.37268846	0.529388123794	1427.28796223	0.608
J1506_30	0.0947729890448	44533.9108323	0.274528096759	5307.45588319	0.508364413913	1547.78170044	0.608
J1506_31	0.0911762930604	48116.7326393	0.271320084367	5433.70559944	0.48785805876	1680.63353315	0.608
J1506_32	0.0882455658244	51365.817817	0.256164735183	6095.66801503	0.465628882484	1844.93117164	0.608
J1506_33	0.0921111215876	47145.0228228	0.244791113809	6675.26781602	0.440204015026	2064.20104038	0.608
J1506_34	0.08708757198	52740.9109016	0.238525602896	7030.56109929	0.415773150098	2313.91345524	0.608
J1506_35	0.0834674588889	57415.0315137	0.223606661415	8000.00975538	0.392538020381	2595.95126773	0.608
J1506_36	0.079120625009	63897.0153727	0.213362103227	8786.69241323	0.367983410088	2953.95253032	0.608
J1506_37	0.0784617672894	64974.6306227	0.201990402765	9803.89205861	0.340017125612	3459.85906129	0.608
J1506_38	0.0730485945605	74961.1537162	0.183381034504	11894.6359531	0.310428725803	4150.84185003	0.608
J1506_39	0.0662317042596	91185.9927371	0.174502032392	13135.8751605	0.284975551925	4925.43718074	0.608
J1558_00	2.39424012906	69.7789741066	2.58391708302	59.910486317	1.6747304546	142.616625238	0.402
J1558_01	4.49968127006	19.7558848949	5.23859779555	14.575715393	4.25669153638	22.0757583518	0.402
J1558_02	2.57703170459	60.2310546997	3.92321123312	25.9882243541	5.27419516184	14.3796262871	0.402
J1558_03	1.23762804416	261.143793047	2.56460810766	60.8160164224	4.73276721637	17.8578719013	0.402
J1558_04	0.768036335595	678.104236362	1.65429587718	146.161710397	3.93550675699	25.8260903813	0.402
J1558_05	0.564375539193	1255.80910118	1.27272621125	246.939187412	3.3431439313	35.789022955	0.402
J1558_06	0.461022880542	1881.98011973	1.12580471943	315.597723247	2.72302198189	53.9458073166	0.402
J1558_07	0.383685122994	2717.12783142	0.965564054757	429.040027389	2.02292256967	97.746557632	0.402
J1558_08	0.319165924368	3926.6930667	0.807658609526	613.203093925	1.5937109637	157.485607729	0.402
J1558_09	0.279915236823	5105.13125666	0.727216829526	756.366263249	1.36450923417	214.835987881	0.402
J1558_10	0.257091423062	6051.80345463	0.68127343637	861.821015334	1.25319172854	254.697658174	0.402
J1558_11	0.236568479041	7147.36952283	0.65568681556	930.394403276	1.21856331682	269.379033906	0.402
J1558_12	0.236360996639	7159.92323768	0.653565826144	936.442940788	1.21893320664	269.215570568	0.402
J1558_13	0.248272231447	6489.38732247	0.663820788803	907.73335333	1.22753815932	265.454436671	0.402
J1558_14	0.285212686279	4917.25027416	0.720679808102	770.149934579	1.23646476071	261.635399708	0.402
J1558_15	0.332298676032	3622.45308415	0.787843432165	644.436534539	1.24423166613	258.379165443	0.402
J1558_16	0.351248671564	3242.13138647	0.812890480246	605.335182582	1.25601014697	253.555885281	0.402
J1558_17	0.343958224662	3381.02664996	0.831720125507	578.236590957	1.27596064293	245.688842252	0.402
J1558_18	0.34765828505	3309.44238153	0.843962137775	561.583144443	1.30389997679	235.27264563	0.402
J1558_19	0.346254295008	3336.33501139	0.856793556302	544.888457279	1.33302259954	225.104909328	0.402
J1558_20	0.34115158755	3436.88656257	0.834096640672	574.946251956	1.35531262851	217.761460842	0.402
J1558_21	0.320763167057	3887.68443358	0.801137444718	623.226525828	1.37330591651	212.092547779	0.402
J1558_22	0.295948094122	4566.97775596	0.793986037588	634.503848594	1.38569535357	208.31688358	0.402
J1558_23	0.287869881737	4826.89145345	0.799782022	625.340729878	1.41772115294	199.011582358	0.402
J1558_24	0.282129597781	5025.30808318	0.819797603556	595.177770786	1.4790691742	182.844970852	0.402
J1558_25	0.288361152112	4810.4586656	0.837212734947	570.674332721	1.54280573693	168.049606967	0.402
J1558_26	0.296934603985	4536.6823009	0.855454867423	546.595167681	1.57699495871	160.841969119	0.402
J1558_27	0.294338593928	4617.06054395	0.823251520089	590.194161273	1.55604071594	165.203056407	0.402
J1558_28	0.288760947018	4797.1475476	0.807194922279	613.907796378	1.50596261165	176.37280085	0.402
J1558_29	0.315384177639	4021.42698718	0.814318903772	603.213368549	1.45113477887	189.952270777	0.402
J1558_30	0.363775055443	3022.69383451	0.840649218119	566.018159157	1.41321495758	200.282747533	0.402
J1558_31	0.400775195397	2490.33815343	0.860132824807	540.665860815	1.38152817292	209.57549465	0.402
J1558_32	0.43081003052	2155.20397085	0.87559613576	521.73781954	1.3393501165	222.982998766	0.402
J1558_33	0.460401367519	1887.06466001	0.894799548212	499.583951806	1.28395867605	242.637486686	0.402
J1558_34	0.405380362284	2434.07848931	0.816455632225	600.060186583	1.19888410238	278.295118559	0.402
J1558_35	0.297877664648	4508.00211024	0.685943760575	850.12535891	1.09606679871	332.955310514	0.402
J1558_36	0.254108417773	6194.72294018	0.591804821255	1142.09700727	0.984491217849	412.701738738	0.402
J1558_37	0.227366676728	7737.60157538	0.520997400723	1473.6314383	0.886223538639	509.299710576	0.402
J1558_38	0.198328105356	10169.3095015	0.472211957485	1793.84961159	0.803348766132	619.800224708	0.402
J1558_39	0.189252621893	11168.0199614	0.434367951447	2120.04188907	0.734292650467	741.859442071	0.402
J1613_00	0.976023121237	419.894106969	2.05762043867	94.4777323827	2.18821869774	83.5369360083	0.449
J1613_01	2.63643707524	57.5473289416	5.66751790401	12.4530057837	5.95745488594	11.2703776013	0.449
J1613_02	2.65395695266	56.7900489106	6.16909560503	10.5103454346	7.88935592703	6.42653522117	0.449
J1613_03	1.64912004439	147.080619536	4.3726490042	20.9204371928	7.91419079871	6.38626534029	0.449
J1613_04	1.04817716357	364.074787051	3.15253666014	40.2475733139	7.15577221736	7.81172553657	0.449
J1613_05	0.719737077953	772.168780293	2.32559726022	73.9589909156	5.8643918099	11.6309190805	0.449
J1613_06	0.490627921797	1661.71090713	1.77132469539	127.486335057	4.77698110878	17.5288305884	0.449
J1613_07	0.361375998072	3062.96040738	1.41792867009	198.95333501	3.82172595755	27.3867758385	0.449
J1613_08	0.275062142336	5286.86655937	1.14772963759	303.655252915	2.92007660717	46.9106554419	0.449
J1613_09	0.224690463582	7923.01924391	0.960223430201	433.825817217	2.34559463075	72.7032915888	0.449
J1613_10	0.196481915138	10361.3137826	0.864231352731	535.549916568	1.99902708331	100.097362708	0.449
J1613_11	0.17859341411	12540.9117605	0.812067079073	606.563372734	1.79286382293	124.441541843	0.449
J1613_12	0.166722490102	14390.3585546	0.762520857095	687.949463983	1.65186908147	146.591484363	0.449
J1613_13	0.154015536421	16862.8480153	0.714792254636	782.889224332	1.5447936505	167.617376881	0.449
J1613_14	0.145014501969	19021.1653336	0.677095396816	872.489619774	1.42162997145	197.918709049	0.449
J1613_15	0.140374823628	20299.3225354	0.64574745891	959.256122152	1.29041388053	240.216004673	0.449
J1613_16	0.135938952739	21645.7257499	0.621041836507	1037.0943696	1.18140769326	286.589583999	0.449
J1613_17	0.133292600472	22513.7536428	0.585256903374	1167.7957789	1.08931655122	337.094593016	0.449
J1613_18	0.125771813576	25286.7692049	0.543927770089	1352.00260062	1.01221343653	390.40538131	0.449
J1613_19	0.120278472356	27649.3027729	0.509887904421	1538.546306	0.943123114995	449.700337102	0.449
J1613_20	0.111707931606	32054.7187286	0.459200244873	1896.94949989	0.885876206164	509.699159182	0.449
J1613_21	0.108895674204	33731.7392985	0.407912206639	2403.95640753	0.822751260639	590.912093852	0.449
J1613_22	0.102697684676	37926.1437054	0.371787383353	2893.81454796	0.755109741773	701.519657339	0.449
J1613_23	0.0981085845828	41557.1705833	0.325418254773	3777.25381146	0.687438814613	846.431644661	0.449
J1613_24	0.0926095209277	46638.9448158	0.300096938141	4441.57359477	0.619507910381	1042.23650127	0.449
J1613_25	0.0827107220431	58470.4406864	0.264875278381	5701.34259983	0.549848521878	1323.04272023	0.449
J1613_26	0.0763481827723	68621.8753044	0.228128407155	7686.01548386	0.489591895285	1668.75104847	0.449
J1613_27	0.0681335299946	86166.4519964	0.212482959323	8859.55235108	0.440575370439	2060.72272896	0.449
J1613_28	0.062742629995	101609.555856	0.189223370117	11171.4731255	0.400445402122	2494.4417589	0.449
J1613_29	0.0583252129989	117583.754795	0.172588867653	13428.7142508	0.366445288837	2978.80247569	0.449
J1613_30	0.0559733733064	127672.402042	0.150507136234	17658.1745998	0.335478392824	3554.11015261	0.449
J1613_31	0.054585768999	134245.92923	0.139887914563	20440.8805207	0.302590734177	4368.66497933	0.449
J1613_32	0.0492525938396	164892.832031	0.128950073971	24055.633593	0.273305058572	5355.06382238	0.449
J1613_33	0.0465109490133	184905.397798	0.123772049038	26110.4784475	0.24895424556	6453.88046556	0.449
J1613_34	0.0521379323736	147147.328742	0.112955900091	31350.3324153	0.226958130122	7765.48351177	0.449
J1613_35	0.0485623700885	169613.432303	0.107128076967	34854.0598984	0.207511429156	9289.14941322	0.449
J1613_36	0.047762929785	175338.817811	0.100544491919	39567.9384689	0.191631337603	10892.4839652	0.449
J1613_37	0.0490348875624	166360.272755	0.0952962920146	44046.1533261	0.179558573873	12406.4547684	0.449
J1613_38	0.0437583315275	208900.020546	0.0907630783229	48555.8495752	0.169398771929	13939.252215	0.449
J1613_39	0.0422885087932	223673.868618	0.100499630149	39603.2716125	0.158501574723	15921.8243585	0.449
J2116_00	1.22462182696	266.720256267	2.39499386648	69.7350602175	1.19041349074	282.269732254	0.728
J2116_01	3.1143377038	41.2409427157	5.5046903879	13.200615983	3.05824907999	42.7675413362	0.728
J2116_02	2.30364514749	75.3752609346	4.14129402734	23.323185115	3.74943421884	28.4530294971	0.728
J2116_03	1.00236663405	398.113392765	2.17314610275	84.6997523728	3.33982040255	35.8602872839	0.728
J2116_04	0.466620024069	1837.1019064	1.15501918401	299.834495382	2.61286315162	58.5904269752	0.728
J2116_05	0.284542110239	4940.45440144	0.786535708425	646.581244654	2.08138441522	92.3326700578	0.728
J2116_06	0.195719124793	10442.2349658	0.631275904653	1003.74077173	1.58354862731	159.513404038	0.728
J2116_07	0.15937473879	15747.840932	0.518786911727	1486.21612692	1.18106549293	286.755680221	0.728
J2116_08	0.141116313398	20086.5591026	0.430035818878	2162.97116578	0.950196497952	443.030004837	0.728
J2116_09	0.120475805493	27558.8006973	0.376026554695	2828.93494394	0.823959555318	589.180279675	0.728
J2116_10	0.0996021940422	40320.153884	0.354577359111	3181.54440573	0.815252050635	601.833268938	0.728
J2116_11	0.083912986948	56806.9706838	0.380273903407	2766.09407278	0.886228059675	509.29451427	0.728
J2116_12	0.0817897227452	59794.6763223	0.463133970786	1864.86207163	1.07244095772	347.786890527	0.728
J2116_13	0.102643395733	37966.2732186	0.77248708251	670.312841586	1.30038209101	236.547319936	0.728
J2116_14	0.128757335123	24127.7059965	1.01395593119	389.064702213	1.41686119635	199.253233776	0.728
J2116_15	0.102709322029	37917.5498425	0.797047619814	629.638757043	1.36741454331	213.924045137	0.728
J2116_16	0.0775226612082	66558.3651046	0.534701858644	1399.06085	1.12593774391	315.523154748	0.728
J2116_17	0.0622361965111	103269.935196	0.316695798861	3988.18583632	0.892992192636	501.608246258	0.728
J2116_18	0.05280450521	143455.775073	0.251709430834	6313.36671217	0.704190712342	806.639352767	0.728
J2116_19	0.0500430460594	159724.860581	0.214806778998	8668.90064314	0.574157888676	1213.38135966	0.728
J2116_20	0.0490758272275	166082.828912	0.190446028308	11028.4924776	0.477222973231	1756.37524338	0.728
J2116_21	0.0427191422539	219187.076079	0.176112972215	12896.6614132	0.40462057093	2443.22843524	0.728
J2116_22	0.0397540623302	253102.807605	0.157726157014	16078.7598071	0.353895626867	3193.81384536	0.728
J2116_23	0.0393775423997	257966.181843	0.13933655455	20602.9712606	0.31372695108	4064.0246511	0.728
J2116_24	0.0430123720035	216208.719574	0.123567045284	26197.1874294	0.277144285554	5207.72610331	0.728
J2116_25	0.0449375700805	198080.088466	0.125729034794	25303.9795687	0.246515456699	6582.20920043	0.728
J2116_26	0.0418769851522	228091.538906	0.109679422987	33251.3802447	0.224661097894	7925.09063156	0.728
J2116_27	0.041622069568	230894.001208	0.102697346661	37926.3933639	0.208715343692	9182.29490168	0.728
J2116_28	0.0394987464956	256385.443768	0.0994072595887	40478.4419927	0.191477443428	10910.0000071	0.728
J2116_29	0.0368385169547	294751.290504	0.0934275698245	45825.7821817	0.174275999373	13169.9712723	0.728
J2116_30	0.0346611583578	332946.034218	0.0803637393342	61935.5100858	0.161829660492	15273.6820357	0.728
J2116_31	0.0383382702919	272141.617354	0.0744001122849	72262.4712103	0.15367237615	16938.2437453	0.728
J2116_32	0.0370432492771	291502.204188	0.0692295233516	83459.7939867	0.144018365677	19285.2038955	0.728
J2116_33	0.0384900613011	269999.391745	0.0625460825541	102249.16353	0.134940700656	21967.1679117	0.728
J2116_34	0.0400508518381	249365.562118	0.0754037301204	70351.6569565	0.127409907018	24640.7313509	0.728
J2116_35	0.0403319285833	245901.972433	0.0747316908234	71622.648171	0.120990308039	27324.9154282	0.728
J2116_36	0.0395779833907	255359.881128	0.0756199774721	69949.8687649	0.115821318473	29818.3070375	0.728
J2116_37	0.0509792600625	153912.161059	0.0795987512669	63131.6997008	0.11176982536	32019.2272616	0.728
J2116_38	0.0579795586317	118989.922423	0.0830388762309	58009.2252056	0.108977344816	33681.1992623	0.728
J2116_39	0.0374918994734	284567.372263	0.0628278050469	101334.240406	0.104051053193	36945.9663571	0.728
J2140_00	1.16891512538	292.748066056	2.41228717557	68.7388046057	1.49742053746	178.390786715	0.752
J2140_01	2.52844197746	62.5682499029	5.40235886031	13.7054447209	3.77557242777	28.0604337277	0.752
J2140_02	1.62218443285	152.005580583	3.96809875541	25.4035872145	4.18675004519	22.8194894726	0.752
J2140_03	0.612966108531	1064.60148115	2.285012236	76.6095535234	3.5440253866	31.846839781	0.752
J2140_04	0.285594815434	4904.1004023	1.28142272336	243.59880263	2.77551256126	51.9246522874	0.752
J2140_05	0.183032274428	11940.0085676	0.795598285867	631.934860591	2.16881547291	85.0383422536	0.752
J2140_06	0.126733197312	24904.5791929	0.602840690254	1100.66428499	1.5664257217	163.01980883	0.752
J2140_07	0.101529145014	38804.182048	0.476553564067	1761.31302809	1.09283981913	334.924540211	0.752
J2140_08	0.0812140193758	60645.416328	0.370215548082	2918.43942317	0.782837762129	652.704275904	0.752
J2140_09	0.07150140693	78240.355732	0.306206809429	4266.09284235	0.611486738597	1069.75889324	0.752
J2140_10	0.0556344853409	129232.528499	0.279293340018	5127.89155249	0.526942781896	1440.56570524	0.752
J2140_11	0.0474077560058	177975.898214	0.256534649576	6078.10119036	0.498604116089	1608.97120782	0.752
J2140_12	0.043524966103	211146.121419	0.23227186858	7414.24211202	0.486554121175	1689.65360966	0.752
J2140_13	0.0401539217298	248087.027248	0.215071296791	8647.58986514	0.458445319758	1903.20208376	0.752
J2140_14	0.035656589283	314615.702284	0.200463485257	9953.81209188	0.40714395836	2413.03711598	0.752
J2140_15	0.0301110584721	441172.005841	0.18404500469	11808.9673677	0.352307434251	3222.67400654	0.752
J2140_16	0.0347169440792	331876.889887	0.169259907794	13962.1336669	0.305481475108	4286.37569027	0.752
J2140_17	0.0380631416383	276090.033387	0.15477277134	16698.2467052	0.275846205722	5256.85456566	0.752
J2140_18	0.0354818862737	317721.491198	0.151343484218	17463.550132	0.260598505312	5890.01160453	0.752
J2140_19	0.0317378385105	397104.948735	0.135370372245	21827.9396829	0.255791061604	6113.49079453	0.752
J2140_20	0.0319961680481	390718.570321	0.132673302499	22724.4254651	0.253612946802	6218.95122665	0.752
J2140_21	0.0262119354999	582186.070362	0.129036387988	24023.4621418	0.24736265138	6537.19946888	0.752
J2140_22	0.0236331882928	716168.740739	0.127188839329	24726.4621985	0.236950323549	7124.3521686	0.752
J2140_23	0.0306093433748	426925.371222	0.133289801637	22514.6991457	0.220418233069	8233.12971779	0.752
J2140_24	0.0342873187914	340245.931319	0.118733538126	28373.5170562	0.200390894739	9961.02482718	0.752
J2140_25	0.0243271833918	675890.485797	0.0989915481392	40819.1313756	0.182420504719	12020.2274433	0.752
J2140_26	0.0228902261257	763413.482028	0.100245543869	39804.2860445	0.169852756947	13864.8377078	0.752
J2140_27	0.0258805927201	597188.663112	0.103263764421	37511.4701548	0.159038370554	15814.5251561	0.752
J2140_28	0.0317539844471	396701.219794	0.0940922321567	45180.6472673	0.14726445659	18444.3821997	0.752
J2140_29	0.032369629391	381754.827085	0.0900094472971	49372.3502773	0.137055574455	21294.4576159	0.752
J2140_30	0.0311122111016	413236.084164	0.0874778048207	52271.4128446	0.127261120385	24698.3821811	0.752
J2140_31	0.0281006282992	506556.544469	0.0853738899425	54879.4628007	0.116222358641	29612.8782866	0.752
J2140_32	0.029996830085	444538.38274	0.084758457033	55679.3180077	0.106520903567	35252.5313863	0.752
J2140_33	0.0365258862079	299818.528104	0.0807583536567	61331.7105933	0.0984512714702	41268.3716235	0.752
J2140_34	0.0294310890253	461792.979869	0.0872751597454	52514.4336971	0.0917944451057	47470.8698292	0.752
J2140_35	0.0216753276311	851390.205847	0.100154213119	39876.9142995	0.0862135028551	53815.7515462	0.752
J2140_36	0.0236240258427	716724.372782	0.0842336937277	56375.2266159	0.0816914015352	59938.6969353	0.752
J2140_37	0.024597175715	661134.018254	0.0757377184995	69732.5512169	0.0783741472468	65119.9913688	0.752
J2140_38	0.0265145522028	568972.659049	0.0816304717818	60028.2079453	0.0757529808213	69704.4553343	0.752
J2140_39	0.0216392420675	854232.127211	0.0790216853766	64057.1209158	0.0732659675976	74517.0085823	0.752
