ID                f_475        ivar_475 f_814        ivar_814 z 
J0826_00    15.7906    1.6042    23.5939    0.7186    0.603
J0901_00    17.8649    1.2533    26.2301    0.5814    0.459
J0905_00    15.1775    1.7364    22.8034    0.7692    0.712
J0944_00    12.5430    2.5425    22.6152    0.7821    0.514
J1107_00    15.4170    1.6829    21.6371    0.8544    0.467
J1219_00    13.9187    2.0647    31.5937    0.4007    0.451
J1341_00    25.3746    0.6212    30.8177    0.4212    0.658
J1506_00    22.7405    0.7735    27.6185    0.5244    0.608
J1558_00    15.6315    1.6370    21.8575    0.8373    0.402
J1613_00    14.1906    1.9864    35.5140    0.3171    0.449
J2116_00      9.8356    4.1349    19.1426    1.0916    0.728
J2140_00      7.6771    6.7867    17.0294    1.3793    0.752
