ID                f_475        ivar_475 f_814        ivar_814 z 
J0826_00    13.3537    2.2432    19.8976    1.0103    0.603
J0901_00    14.0994    2.0121    22.1208    0.8174    0.459
J0905_00    13.8420    2.0877    21.0863    0.8996    0.712
J0944_00    10.6758    3.5096    19.7151    1.0291    0.514
J1107_00    13.1947    2.2975    16.9512    1.3920    0.467
J1219_00    10.0462    3.9633    22.1411    0.8159    0.451
J1341_00    21.0475    0.9029    26.0615    0.5889    0.658
J1506_00    21.2227    0.8881    24.0326    0.6925    0.608
J1558_00    10.4809    3.6413    13.6647    2.1422    0.402
J1613_00    5.7650      12.0354  14.0605    2.0233    0.449
J2116_00    7.8560      6.4813    14.4411    1.9181    0.728
J2140_00    6.7236      8.8483    14.0605    2.0233    0.752
