ID                f_475        ivar_475 f_814        ivar_814 z 
J0826_00    15.9367    1.5749    34.7696    0.3308    0.603
J0901_00    16.3230    1.5012    39.9576    0.2505    0.459
J0905_00    15.2756    1.7141    25.4917    0.6155    0.712
J0944_00    11.8140    2.8658    24.2549    0.6799    0.514
J1107_00    17.4743    1.3099    37.3594    0.2865    0.467
J1219_00    17.5549    1.2979    54.7015    0.1336    0.451
J1341_00    24.0325    0.6925    38.2296    0.2736    0.658
J1506_00    22.6568    0.7792    34.9301    0.3278    0.608
J1558_00    15.8781    1.5865    55.3095    0.1307    0.402
J1613_00    12.9538    2.3837    39.8107    0.2523    0.449
J2116_00    10.9144    3.3578    22.8244    0.7678    0.728
J2140_00    7.3858      7.3326    26.6931    0.5613    0.752
