7.613594716039722599e+00
4.765365902225649819e+00
7.645057924302912866e+00
1.784816586341545275e+01
3.996374349322245223e+00
3.821021675538686324e+00
5.267080461793849366e+00
4.257430520343660874e+00
7.949490058113461544e+00
7.847449510943039996e+00
1.095737862467010437e+01
2.608440378687724248e+01
7.125328159412001483e+00
5.157522908234046355e+00
1.062108342628227575e+01
1.106949227456939155e+01
4.690880077000157300e+00
3.960981614230761672e+00
1.358221809892006604e+01
5.648201753180546625e+00
1.077034204197060951e+01
6.203674140691889605e+00
7.006418324659968278e+00
4.849815141297933785e+00
3.494417044909998715e+00
6.783825072417301705e+00
6.062938751039167684e+00
1.728689570164173972e+01
2.032591833523390434e+01
4.172776676297573317e+00
6.245493706636873199e+00
5.550697871146655693e+00
1.746441987061683321e+01
8.346149587859768459e+00
5.532855895675576008e+00
5.539293907661738459e+00
5.006798811383349701e+00
7.846782014184903176e+00
6.732408464027443529e+00
6.951572600051690642e+00
5.598899134428348745e+00
2.775983512119302077e+01
1.195185758286211097e+01
2.004164795309042901e+01
3.089390512237664588e+00
1.365023393380476158e+01
6.609578364976355758e+00
4.037627730142852478e+00
4.389267832139657877e+00
7.357795648065360794e+00
5.626525465672030712e+00
2.135724587642959449e+01
8.063018202178158234e+00
6.231529014006284228e+00
9.579207834070100347e+00
5.718438376099643783e+00
5.254497262100098709e+00
5.659266893475304983e+00
7.711380131750887656e+00
6.635151234292012035e+00
7.823402785775849466e+00
7.970168192216657843e+00
6.906115393150898285e+00
7.233433976900345286e+00
7.512723511570651880e+00
5.597521659946769645e+00
6.053929639067521684e+00
7.228116652868824765e+00
1.843044098548212517e+01
1.069589561410468548e+01
5.513875326818025613e+00
1.014903232056137483e+01
7.844747531395313445e+00
7.800400195571308259e+00
8.797906195900957016e+00
4.009933246382187733e+00
6.226905157995297202e+00
4.058961156197968378e+00
7.127466096758245939e+00
2.797363031416193735e+01
7.995432329881944966e+00
4.958440301243527415e+00
5.811962547389680545e+00
nan
7.724274777862500052e+00
5.365227102382559288e+00
6.733068853841134072e+00
6.260712403441445417e+00
6.173012050106839865e+01
6.860498715069338616e+00
5.696264098127089781e+00
6.571406622536310138e+00
5.443410263215813671e+00
5.102425722962376398e+00
1.430337295230256522e+01
3.979769649940602960e+01
2.426028166845157585e+01
1.568948678142803743e+01
4.272829840469627882e+00
8.945242256533934011e+00
1.318293819254301624e+01
5.920863809793654120e+00
8.621210843024023518e+00
5.837638015673682901e+00
1.509759911684318823e+01
5.030428583830959255e+00
7.793103652829982408e+00
6.991386171176827702e+00
2.597000831029204804e+01
6.781727795035754625e+00
1.605035159692836899e+01
9.923714632762676402e+00
4.485775497232364017e+00
7.748995229024191467e+00
8.646297549127181625e+00
4.966406622180919328e+00
6.469301727984571926e+00
9.212314712947716089e+00
5.019105512361861976e+00
1.365906531653364553e+01
5.529332950418005765e+00
7.047210273479240783e+00
6.076130089531835310e+00
6.675713879761726588e+00
1.171044253312662775e+01
0.000000000000000000e+00
7.693582615801128455e+00
3.909928371183048590e+00
4.865892770138705359e+00
5.564846818973277820e+00
2.787054055317421231e+01
8.690120052157743302e+00
1.653790359432295887e+01
8.803378545803967725e+00
5.211363048962075695e+00
6.031486385486196866e+00
1.237931790574722513e+01
3.576714538238817020e+00
3.329823179539527445e+00
4.939668723912102877e+00
6.347441212621946605e+00
1.828972914363390245e+01
4.751771463479223634e+00
7.624499435991525687e+00
1.272256646175033268e+01
1.124228819995382267e+01
8.400430593567307369e+00
9.897603549628158248e+00
1.544647821822627165e+01
7.296623246184251954e+00
3.778536752044563407e+00
8.027229151102979188e+00
9.301464757909144510e+00
1.265622850481147310e+01
3.017693474311131663e+00
6.882333921558785761e+00
1.016862658573083600e+01
1.040698269063837245e+01
5.406368865059173245e+00
6.768189264564714591e+00
7.295876501353967925e+00
8.684138158903706994e+00
9.040414858076832871e+00
8.481307755239503976e+00
8.185257003881250881e+00
7.339974742973740973e+00
5.141782897242917372e+00
7.644337466114487611e+00
4.346042744230814492e+00
6.166649410633070261e+00
5.088478490731025872e+00
5.782552329968785543e+00
7.954777367840701885e+00
6.242040762415151711e+00
9.189796821546806882e+00
4.957671507550060142e+00
7.746363853804981048e+00
2.842818887984753928e+01
4.083399765686731797e+01
8.158103053006062311e+00
4.851094004649012525e+00
4.399451728349802693e+00
6.171275808480281455e+00
1.167323560700369711e+01
5.716436791754892610e+00
8.607560714809268987e+00
1.369972863579872424e+01
5.155974555523165748e+00
9.507930587393445876e+00
6.142721266488642584e+00
7.938272456906702246e+00
7.904767045417864679e+00
4.642178103675384193e+00
9.677978704215476569e+00
4.887660227826948756e+00
7.364232974830233758e+00
1.771657288118728246e+01
7.580699537813631039e+00
4.583156971998370466e+00
2.170884088773593135e+01
9.354550084913864083e+00
5.838246448007062384e+00
1.151169221872843629e+01
3.110507548500098096e+01
6.877120805216623722e+00
7.854124412710957515e+00
1.132616419806111097e+01
5.805462054282989115e+00
5.494744734298108391e+00
1.921915826924098525e+01
4.631023261001997682e+00
1.116603527439471577e+01
7.661683854481820433e+00
7.079895871631451953e+00
7.129203676001416135e+00
1.150645386048265983e+01
1.886930687097618176e+01
5.063940276776040861e+00
7.243815713394257116e+00
5.889177896714345550e+00
7.172763471680576153e+00
4.950566200369098446e+00
7.922945477495161981e+00
4.018606358474288598e+00
6.657133620269831020e+00
1.530696432655953743e+01
4.737006995628798123e+00
5.469601877098984488e+00
5.553853970873223744e+00
3.388624842180080421e+00
4.669428657323417831e+00
2.001696531440416393e+01
5.519257425622258850e+00
5.638510142073679177e+00
4.781840576521775965e+00
1.016372228241105802e+01
4.024349325958409551e+00
7.506079347305830041e+00
3.435123183497860566e+01
6.288008858492888820e+00
5.475196208263468201e+00
4.969871562411142918e+00
8.133783777245412239e+00
9.190040695240686119e+00
7.020737382247533631e+00
5.534740411847447916e+00
3.926704375056705487e+01
5.689753837737248965e+00
5.813880952534419500e+00
2.071958872377525296e+01
5.595805748831816473e+00
3.241592873992627855e+00
5.255996766201001869e+00
6.244606687838313519e+01
7.081940797395647635e+00
5.629305015331480533e+00
7.377210094179540434e+00
4.823817809788297772e+00
4.120060585445100898e+00
5.168959335423394919e+00
5.520476513715358635e+00
4.776421240189415052e+00
8.311895044080923611e+00
6.925607070318200442e+00
5.783036957673208356e+00
5.120773225938346940e+00
4.582916943130956433e+00
6.374505269667650964e+00
4.550412826157277379e+00
4.526060987322990670e+00
5.412215124002454303e+00
6.777633918112699440e+00
2.414310043733002686e+01
6.708404905917877414e+00
4.609258387967783754e+00
4.902473748074209325e+00
4.737778396132268810e+00
2.548102023371492209e+01
1.268880663820583976e+01
1.853918109934298997e+01
2.451584576605679189e+01
2.094525166489977863e+01
3.692848573843517102e+01
1.615928356729797244e+01
1.242536765993128078e+01
1.679935643003628343e+01
1.868931477053111934e+01
7.492631535231706330e+00
6.016078893955915774e+00
7.015926352177212166e+00
8.646123203502325438e+00
6.223752988694243982e+00
4.777722715292907374e+00
6.439303371585594071e+00
7.079399116107438772e+00
7.660217328585126495e+00
4.924545810246375943e+00
4.797436361515094561e+00
4.080909946596401383e+00
4.384752169603324035e+00
1.258627539612243851e+01
7.382600505025818549e+00
7.648180917846790550e+00
5.454532365209564304e+00
5.934069068255888979e+00
5.074963743335580091e+00
5.927058998953265601e+00
6.229831959605929725e+00
5.041845295180752196e+00
1.619008395659427180e+01
6.082995099108677195e+00
1.233567703497206125e+01
1.316027587622197892e+01
7.268542450684988943e+00
7.476968294125766690e+00
7.039160076893320905e+00
1.073977654443132224e+01
1.055926449381772159e+01
7.190704028785402713e+00
4.799374302779635393e+00
7.486791443173639315e+00
1.138563392572143584e+01
4.514083649658419795e+00
4.281597285051643276e+00
4.541487226618647455e+00
5.106765731386940566e+00
4.996089908653114087e+00
5.613716252056732081e+00
7.692288387148467521e+00
1.482204154086395143e+01
4.962861213282300454e+00
3.238853461093066599e+00
1.021357340827057492e+01
7.805513533088001665e+00
7.642806429815769853e+00
1.331160746019436658e+01
7.369566050312405636e+00
3.780385795014052253e+00
5.317422618231748999e+00
4.346516051297617089e+00
4.204894936074408562e+00
7.639835677940731706e+00
8.565206038415178469e+00
8.718950095689878665e+00
7.544978240812574732e+00
2.691909204293796165e+01
6.285883093407818478e+00
5.051913213913461931e+00
3.445702192738655611e+01
5.933245171218584524e+00
1.059267910235266541e+01
7.005143109123228129e+00
6.040529146011415662e+00
9.802816009342407710e+00
1.173872737639842612e+01
4.969914686434465878e+00
7.647131749732316131e+00
6.505454157567926998e+00
1.788965110563530203e+01
1.689265797860971219e+01
4.968029755008846138e+00
5.270490191887926557e+00
6.303541986711454825e+00
1.505744401521450726e+01
2.499880888743310692e+01
6.032302104517089703e+00
3.767413503150461196e+00
4.534546495343666273e+00
4.996975670908117451e+00
7.092047690838189311e+00
3.789340354595385918e+01
6.299297277183320887e+00
5.358408362007565096e+00
8.087674605524819427e+00
1.195137398491873881e+01
9.982430636889253606e+01
4.625091637427964031e+00
4.110551766467392731e+00
1.263839028251083718e+01
1.859005966719994163e+01
7.763061743990881780e+00
1.077829157752760736e+01
6.742706115638668507e+00
1.106092274676633380e+01
6.726234039506236329e+00
1.235419617314708418e+01
5.537416400476661948e+00
7.874195544391943358e+00
1.762236024780368737e+01
5.092225437107610553e+00
4.724849048211615887e+00
1.228350658139830784e+02
5.809999343581665698e+00
8.737403431008817734e+01
4.865067302948080652e+00
9.777473720047755279e+00
9.577108086573652201e+00
5.427895380685546556e+00
6.669875610442277392e+00
6.596136252097822172e+00
9.115073374505799464e+00
6.291294848901829440e+00
6.544650090682042176e+00
4.895805792995355787e+00
1.104412656105829740e+02
1.277127321907494739e+01
8.014895513040309893e+00
4.635724684358875081e+00
4.890893210103371302e+00
7.146879686909176854e+00
4.758718368659884845e+00
1.390747254084417506e+01
1.809260070631790285e+01
6.441225324897291493e+00
1.590179965422709252e+01
1.146447400976110664e+01
2.149379380534703188e+01
5.210342524356486038e+00
6.731191098397607320e+00
4.462875341632980941e+00
6.832450836127891947e+00
5.341943712268989231e+00
5.490657546451439330e+00
5.342831883181238695e+00
7.130170982919132427e+00
5.016979556649225458e+01
4.616060930203411239e+00
4.491487070037714524e+00
5.098579456998195703e+00
2.228318116347330502e+01
6.217568806491700073e+00
3.941995161699496819e+00
3.055004381053100015e+00
8.492376439168843660e+00
4.773986314887077143e+00
4.176566297479116230e+00
4.986488738722878011e+00
1.794945733590917580e+00
4.777778266447508138e+00
2.486995311599660852e+01
5.798252304108656219e+00
7.310615412584738237e+00
1.229210931699969933e+01
3.571876231396453161e+00
5.299646443796500961e+00
